Time LogS0 LogQ Logw0 Offset Inc-S0 Inc+S0 Inc-Q Inc+Q Inc-w0 Inc+w0 Inc-Offset Inc+Offset Likelihood
544.4022638109756 2.5400766713902367 2.9617621463209796 5.731429696600069 -79.43241583609114 0.32954757483435326 0.3555888733717616 0.5457501381043186 0.6248109657919976 0.026907652046843644 0.025806094253445266 14.778049279047764 15.293394933115536 -977.4236356630414
780.7150648285715 1.3364941953717528 4.531479405307917 5.671440673386274 -62.487137536746225 1.0718276182943876 0.9796242826464068 1.3857909468994802 1.7580930364059242 0.03376158978723609 0.028192946374315575 18.460206364100806 17.327003739984647 -198.44536185809443
799.7134983384615 2.3914377985112343 4.192160590195379 5.572185628487887 -68.03228386758417 0.5513894389524381 0.5725744143973466 1.0681798569961845 1.4067277081302985 0.03410979699752126 0.03339208634473767 18.371771584153407 18.646744093700825 -371.7133136896816
829.6662701111111 3.018113503393873 3.381763788373773 5.6891827082838855 -200.11405962500328 0.43869947950750454 0.48152963157937734 0.8381995698801754 1.2463986661067121 0.025648234065241304 0.02512550969086469 24.52474110612235 24.762233351101145 -438.04312810367117
851.3270640846154 3.5053129167517376 2.5541840569372063 5.631471209455983 -132.61185588690637 0.3288963979844004 0.3653622363990481 0.6247605952400308 0.8020620594806216 0.04177701018496016 0.03842476023279762 22.803990795211575 23.018944177879874 -770.3231441428188
913.5408063114754 1.8653960249709876 4.369173784377557 5.6795226924471125 -84.85942102166396 0.546026009279287 0.539630584604299 1.0464353997027516 1.38163175967337 0.02140944276529222 0.021178754762891217 14.577231648744288 14.9260249301567 -351.03743854489153
1131.798624574074 3.1412400979787125 2.638064795606833 5.641375831272949 2.6264164591303807 0.43029605511977653 0.4857235387523171 0.7528272035349577 1.0688776405055669 0.04364162319749898 0.06588711420630666 27.561136186780566 27.965864091779338 -315.9690088984913
1170.7020385272729 2.416804881464487 3.010992534095238 5.618196341295219 18.364810408717695 0.5772437232361485 0.6542909685652067 0.998514475670226 1.400341026267009 0.0537006139494105 0.0499463280835597 23.444561977470645 23.178602261132767 -320.247108453925
1519.79665805 2.95289406889869 2.9908290572962244 5.765542958961415 36.469034055304654 0.4894346614363343 0.5497151273926275 0.9501124081263326 1.3442341493817933 0.04931884194291669 0.04929228551578024 24.02278905307055 24.40982567900054 -363.1083373392622
1566.704102312977 2.8371576836378436 1.9485332883920976 5.599315895226762 149.28517082216734 0.37353688556197895 0.4001877159152696 0.5701031011602067 0.7649851948399373 0.05326340632166815 0.052721487433518455 15.630144232485577 16.00063628677549 -757.6209612041337
1597.626749333333 2.0680760597339964 3.5655799506914345 5.703232426909449 80.98951890349973 0.554219425352305 0.5822413173486827 0.9822887211480307 1.3739011543535282 0.03775434160662883 0.033130133415098406 16.410941931440135 17.43557730151599 -384.838429646837
2569.81144944 3.4876183175633244 2.1086641200138443 5.774713260860203 129.45096213661085 0.6202100392064427 0.7477434137278767 0.9053652596474024 1.2678759543895497 0.08294218697391909 0.07035308172424592 40.70434674271793 41.159792025667315 -311.87197224971715
2583.38558634375 2.2870513609909575 3.4943979421525992 5.7609975651847645 92.20043191444996 0.6193544978001508 0.6218286169234055 0.8377214282482051 0.9706695692795724 0.023911656747354293 0.023887732457279043 22.39027514450477 23.140445984725048 -394.0324047395451
2685.7036572093025 2.4536393895129183 4.608533596739533 5.711719985151147 26.173623457854625 0.5814918353773759 0.6064796147598153 1.0897454470221195 1.4670240442517883 0.021131981080357853 0.02124727475485244 24.751965887661513 24.281291159822423 -257.9248587428276
2694.567469725 1.7970069670252047 4.1183379224741365 5.776570515159992 99.88308702149203 0.9099500352127263 0.7949488011357795 1.2419024751155594 1.624043985026284 0.03627772889880543 0.030486162644265846 19.87838941825997 18.819737115633274 -236.30819077397555
2707.08452068 3.349038428123409 2.4465285596648205 5.600769654259664 199.49966818329293 0.40911375414040885 0.47362969123667265 0.6883451966382494 0.8596484093489267 0.05621530023021748 0.05334906476506607 26.203703038612304 26.640825261803627 -611.5393308923212
2985.2446620423734 2.1584307268268246 3.3165424078527783 5.643442331486622 -12.88867365211696 0.6655871407014677 0.64766154136663 0.8330966660130605 0.9306030893662633 0.03908310417969041 0.03665930637301695 20.452305660690744 19.281566948390697 -730.7704190438478
3344.74703182 2.623175402958644 3.7259151604633307 5.791575244836567 -160.51941331890927 1.04836884042032 1.188955447698834 1.4249227755133678 1.6652731790918938 0.06320412951206933 0.05067569588145382 36.72213297648082 38.75587590218197 -299.9698033008152
3668.006737484848 2.865457745056717 3.1272949228769926 5.693592960407428 106.01921986857528 0.40410947668888264 0.4542228072096046 0.7216022174336456 0.8929973777007687 0.03282625866870248 0.032211745573165196 21.457055331706954 20.781909829722878 -786.8846478628564
3712.3094948389835 2.333566722643448 3.9508364362447814 5.713191178360512 137.67955389738387 0.43625471573750474 0.4743723751498128 0.8122809512120335 1.1052614273446197 0.0210652183557114 0.019911671173422185 16.9357931387717 16.49004755500752 -704.9847495543313
3770.412367900671 2.821436278527953 2.970557740241275 5.6649122442638475 81.5531294263402 0.15329133165025421 0.15996759502959668 0.306470047504813 0.360101347129838 0.01209820887429558 0.012281106779854944 7.930173539428921 7.9612128460966005 -4311.473841572111
3849.5153622 2.990993368201332 3.286374640026311 5.734755162481479 150.654073101094 0.45610791505021453 0.5150869304364791 0.9667206612110784 1.3555925081363482 0.04108985584779479 0.04028072558433582 22.479631923374995 23.28615579524208 -329.3206488607906
4007.8480394186045 2.839101468453202 2.5124916261639827 5.777962135573564 13.99929486691613 0.5041018026590307 0.5407988399819796 0.7852173256277397 1.1704533073155563 0.04541332152482003 0.045544246668444366 21.565959937242354 22.175963088198316 -536.3542297281854
4037.1751943142335 2.7679767568366334 3.350824864327183 5.706077826750741 34.643850728357776 0.13004104178823006 0.131896490894289 0.35670410245452944 0.4618002185995427 0.010265227974569413 0.010248537433547256 6.7273223896894265 6.646918414146192 -3211.300559062309
4064.771416935483 2.978851972924347 3.767640325419041 5.69928691658278 -58.3640970063138 0.4174412882565637 0.45046211649582446 0.9748772842967934 1.374550416917561 0.03318548891729023 0.031112934153258998 23.64442308216823 24.392826400083408 -576.1122337574293
4094.673875320497 3.2040938493753517 3.0325666451984445 5.724280500424807 -43.49083929794493 0.1153594204366204 0.11803272306722379 0.33201201443110673 0.44252110692939484 0.010446089513578727 0.010582614973961846 7.27191031319753 7.280669289809488 -4767.459331264785
4207.678283434448 2.950442300904534 3.317058461850989 5.717974295787581 -34.41546909637596 0.1779460788271141 0.184558074856509 0.4216258392787293 0.558701694891953 0.011087359315174794 0.01118298834189524 9.890962971183484 10.16478507089617 -2300.388200178589
4233.63218332175 2.95161965908437 2.836765327795906 5.714784977630158 -71.99653985254585 0.1301390504635176 0.1342030239388694 0.25315697412894833 0.28249319876854395 0.010801900711501666 0.010749660217676649 7.29704208094239 7.297004267940494 -4658.490777851962
4525.590767443182 3.341302955001237 3.242175253759216 5.703221534679289 -93.17208285823335 0.2883044165387485 0.3220248692350145 0.7759366281285156 1.2330604409905606 0.028654387471888754 0.027876738604513562 20.738482079502106 21.08183160338355 -1056.9579069680601
4787.425015 3.8659490089108326 2.331503622950112 5.711874393370389 4.4801704290616176 0.21888224465347506 0.23769652449192424 0.3988407125056104 0.4913258520992052 0.022794202369811778 0.02275801472055683 17.28437514227584 17.014974433507938 -1301.4206915276854
4828.741761941258 3.1137801936814133 2.425243865408334 5.7275978147240085 29.463777527050073 0.13018139761906955 0.13602128762926657 0.28963193669931186 0.36061262287912843 0.014902293621942064 0.01437243135386801 8.034577408218084 8.036452101288742 -4162.596889925913
4907.344642630719 2.7574607570420087 3.2126082401461007 5.7046489768994935 52.284820691723915 0.2423688525354195 0.2607574780926307 0.46557698986648255 0.5534760540024353 0.018585282579665297 0.018774084962819515 12.445538573317513 12.528416224846772 -1798.7204545455852
4922.598026258912 2.7494460121330664 3.0027134209914754 5.767000694523961 64.26867725762446 0.16311893969940838 0.17238209388286396 0.39753500296976707 0.510008133921803 0.014266792734050071 0.014106538921144995 8.810123601605582 8.891065383462092 -3136.5632983924747
