Borne_inf Borne_sup Likelihood log(S0) log(Q) log(w0) Offset Errors_inf S0,Q,w0,Offset Errors_sup S0,Q,w0,Offset
3.320000000000000000e+03 3.340000000000000000e+03 4.104648837377970239e+01 -8.687387372158870136e+00 1.146846664742162236e+00 5.507381097449679963e+00 -1.879993546338650234e-01 1.779982572069110702e+00 2.369940902829968721e+00 1.922069729078567102e+00 2.009661342874075718e+00 2.682344756661594332e-01 2.055921972814784837e-01 1.774317638946409925e-01 9.411616178374920816e-02
3.340000000000000000e+03 3.492000000000000000e+03 4.519343658084333271e+01 -1.114331287387158653e+01 3.689258055390187252e+00 5.789540860237184283e+00 -1.597732479893915758e-01 1.071269746068516326e+00 1.259287857707120040e+00 1.443069024881837858e+00 1.675117217994976926e+00 6.734154631970845628e-02 5.139973486836613148e-02 3.712236689193920691e-02 4.028684187600090061e-02
3.492000000000000000e+03 3.666000000000000000e+03 1.160560377608224414e+01 -9.963651997968977270e+00 3.550610801577528619e+00 5.512571316872709737e+00 3.787752559495538573e-03 4.110538519203949193e+00 2.707666184910145546e+00 2.633339269942128080e+00 4.305543868073124614e+00 1.661678007922846589e-01 1.268808127468181723e-01 1.049999707818522754e-01 1.616115825842810994e-01
3.666000000000000000e+03 3.711000000000000000e+03 1.241985694460292962e+02 -1.094887596969794963e+01 3.122515069364252049e+00 5.694088800682020945e+00 1.060294572277202807e-01 4.059228695032448542e-01 4.486532001551886140e-01 7.179107924292957854e-01 8.964799435244223957e-01 3.328751246627792426e-02 3.184083292731898496e-02 2.125698799779292270e-02 2.100977751318189313e-02
3.711000000000000000e+03 3.768000000000000000e+03 1.400352053048462722e+02 -1.009760215534089767e+01 2.924171292763497298e+00 5.666370663307561450e+00 9.873634236239667294e-02 3.474523878632815865e-01 3.760745035025685468e-01 5.898368332096763922e-01 7.089788878072242895e-01 3.001634079359227769e-02 2.820469675253800546e-02 2.524614145621903449e-02 2.455835669643627317e-02
3.768000000000000000e+03 3.849000000000000000e+03 8.347421004674133655e+02 -1.098982119762609244e+01 2.960509130098564867e+00 5.665005447893815216e+00 8.120072999977068218e-02 1.524195287519791719e-01 1.583891626601285907e-01 3.063915887927932680e-01 3.590358724851592243e-01 1.223838229598506189e-02 1.220751203760617187e-02 7.858470916857651645e-03 8.065603763156653505e-03
3.849000000000000000e+03 3.905000000000000000e+03 5.090666785418870433e+01 -1.082747866261232694e+01 3.305959144716654752e+00 5.734602650005715674e+00 1.505159101863645099e-01 4.533247949646312946e-01 5.031800650984941115e-01 9.712410539373856899e-01 1.385599445462610380e+00 4.066725889393740800e-02 4.053889820566425328e-02 2.270535482419466788e-02 2.316248154082334310e-02
3.905000000000000000e+03 4.007000000000000000e+03 5.374689587390561130e+00 -1.297132603172638099e+01 5.911594032059960924e+00 5.801901444776913941e+00 7.736575810111979978e-02 2.924944328794680359e+00 3.152199917987879019e+00 3.098469804138886730e+00 2.785258815811827660e+00 8.222113080758308712e-02 5.351615969727685496e-02 6.669503320564233728e-02 3.665522664092511762e-02
4.007000000000000000e+03 4.035000000000000000e+03 4.965999910332614320e+01 -1.097560767610825394e+01 2.511545505008869750e+00 5.776686030977622011e+00 1.375087186679792642e-02 5.055972182867503051e-01 5.490770676680778450e-01 7.954343035503481651e-01 1.186918055918641191e+00 4.544198659025155962e-02 4.554413049951477888e-02 2.156038665878346958e-02 2.157174346854897826e-02
4.035000000000000000e+03 4.060000000000000000e+03 5.276183501568634711e+02 -1.104887633730940522e+01 3.363426787684459462e+00 5.705966260826272674e+00 3.465759565663585617e-02 1.290191184125930590e-01 1.343172323647028321e-01 3.626513578493737455e-01 4.597908407843793732e-01 1.017823426847552781e-02 1.038153844826883443e-02 6.696461373043936793e-03 6.666121077096714975e-03
4.060000000000000000e+03 4.093000000000000000e+03 7.142617828556781490e+01 -1.083551030965156237e+01 3.753767065758214727e+00 5.698561080370554421e+00 -5.823979285776577364e-02 4.151733110743318633e-01 4.501112475516215738e-01 9.634595298623440662e-01 1.361547903104012747e+00 3.324160810821208401e-02 3.142997550702997245e-02 2.360338334001253757e-02 2.379822044517083957e-02
4.093000000000000000e+03 4.206000000000000000e+03 7.955221053155700019e+02 -1.061088634665217967e+01 3.045573936690798789e+00 5.724221592487474197e+00 -4.344835046834738534e-02 1.153817022333267772e-01 1.182977266990619114e-01 3.358999088906182706e-01 4.366645195555860504e-01 1.039272233829979797e-02 1.070012451924728936e-02 7.258450370747022984e-03 7.232199330023822426e-03
4.206000000000000000e+03 4.226000000000000000e+03 3.773094278339452785e+02 -1.086791006688538275e+01 3.304921755024412100e+00 5.717945157363749864e+00 -3.439751992617073872e-02 1.768360050778525761e-01 1.855981419311092395e-01 4.108827673603721031e-01 5.460469861298138383e-01 1.110341909449985565e-02 1.157919226562587056e-02 9.869637829700676768e-03 9.931659718244171403e-03
4.226000000000000000e+03 4.238000000000000000e+03 4.532531377238485675e+02 -1.114608431454393767e+01 3.299942563684512997e+00 5.712508204552332103e+00 -8.731820504519000048e-02 1.665014509509674667e-01 1.735617014289996263e-01 3.489931185233405841e-01 4.119021632732620120e-01 1.143041267564814945e-02 1.052166570660340028e-02 8.217261126247127345e-03 8.196811949282886700e-03
4.238000000000000000e+03 4.525000000000000000e+03 2.535949165323822854e+02 -1.059037500062577308e+01 2.321555057252322918e+00 5.726109070294474357e+00 -4.861400061336232370e-02 2.173976373807491314e-01 2.330532412572345891e-01 3.702179175235011943e-01 4.315829631206877792e-01 2.464048523582373917e-02 2.391337170277996194e-02 1.351759330444442242e-02 1.335222660736496564e-02
4.525000000000000000e+03 4.786000000000000000e+03 1.600303092050929763e+02 -1.047627778018324562e+01 3.268086501631552565e+00 5.703129739595774517e+00 -9.276665995273045140e-02 2.931803471792999716e-01 3.196364734373595695e-01 7.875251838775012558e-01 1.233907853024334145e+00 2.876920678138716880e-02 2.769163777916805458e-02 2.117386661265696635e-02 2.104002892128098434e-02
4.786000000000000000e+03 4.827000000000000000e+03 1.264366831447000550e+02 -9.942014001483638452e+00 2.330482930150529430e+00 5.712201142934642206e+00 4.138618479102953648e-03 2.209251284856428299e-01 2.328659372114820769e-01 3.976913035491649318e-01 5.016605618559064617e-01 2.315920793844128411e-02 2.282920975910318617e-02 1.710113433229775923e-02 1.703687919437115589e-02
4.827000000000000000e+03 4.905000000000000000e+03 7.757687603771591967e+02 -1.070108029102298808e+01 2.425541849060316224e+00 5.727430280896776971e+00 2.943024175029845813e-02 1.300087534863632044e-01 1.354852576786029772e-01 2.861011661417034446e-01 3.579517775461331652e-01 1.478890966569945675e-02 1.451515115095958208e-02 8.113781822405921607e-03 8.062163071006558934e-03
4.905000000000000000e+03 4.921000000000000000e+03 3.037283795309659808e+02 -1.105312771269977290e+01 3.221266376041456159e+00 5.704889957416783730e+00 5.215814354447149970e-02 2.415066424970309100e-01 2.559446815438910505e-01 4.694371966032351295e-01 5.603796160029590467e-01 1.892429942672801957e-02 1.854732014459692380e-02 1.258322559699068255e-02 1.243304603487697946e-02
4.921000000000000000e+03 4.924000000000000000e+03 5.477185688620401152e+02 -1.106423476516474125e+01 2.995476903894159548e+00 5.766982526483049654e+00 6.406553915196841475e-02 1.655514898904968391e-01 1.734027062865077795e-01 3.931777408628489567e-01 5.011690625450886394e-01 1.421849300657740400e-02 1.400271673733133326e-02 8.802372438086528139e-03 8.828942910725820492e-03
