Borne_inf Borne_sup Likelihood log(S0) log(Q) log(w0) Offset Errors_inf S0,Q,w0,Offset Errors_sup S0,Q,w0,Offset
3.320000000000000000e+03 3.340000000000000000e+03 0.000000000000000000e+00 -8.715916241938041154e+00 1.193234134936326019e+00 5.509011255841788746e+00 -1.909221354257056302e-01 1.756040718607488671e+00 2.332113079369297459e+00 1.910195678404930320e+00 1.993669476594154499e+00 2.679113837110502772e-01 2.090895362113327494e-01 1.742303478722362908e-01 9.238454371485849137e-02
3.340000000000000000e+03 3.492000000000000000e+03 0.000000000000000000e+00 -1.117117359944328570e+01 3.721543652272078617e+00 5.790427203728467198e+00 -1.606158550002032004e-01 1.056253718812103060e+00 1.234585577703526837e+00 1.448578666256308711e+00 1.675630978477064659e+00 6.495667506872493391e-02 5.122378523696635710e-02 3.657502745772103769e-02 3.921388585999957543e-02
3.492000000000000000e+03 3.666000000000000000e+03 0.000000000000000000e+00 -9.309328103291031553e+00 3.213751398680524840e+00 5.497097180992192911e+00 3.772903105251248362e-02 3.498110976852547349e+00 3.329847127736442758e+00 2.972654328591953554e+00 3.491876942660306682e+00 2.998599411296978268e-01 3.450319413168765337e-01 4.469739996461979392e-01 3.525286398241564978e-01
3.666000000000000000e+03 3.711000000000000000e+03 0.000000000000000000e+00 -1.077202337054510473e+01 3.110022784631883308e+00 5.692383726372602482e+00 1.002272779797558494e-01 6.065529939450140517e-01 7.100736763782062866e-01 1.044692379610556943e+00 1.409734034982779605e+00 5.501699319708608371e-02 4.974612185042959212e-02 3.539084017171746643e-02 3.478816747525663444e-02
3.711000000000000000e+03 3.768000000000000000e+03 0.000000000000000000e+00 -1.062333500375519080e+01 3.553953697495673136e+00 5.671109153787537771e+00 9.617164464148419967e-02 6.678864407340240339e-01 7.717011088710853395e-01 1.107820780627846835e+00 1.441458310627407480e+00 5.440053506962438945e-02 4.554700877633995754e-02 4.457238443205049222e-02 4.272934700563180144e-02
3.768000000000000000e+03 3.849000000000000000e+03 0.000000000000000000e+00 -1.133058188128613608e+01 3.451614428281816860e+00 5.639028268453009751e+00 8.187975853289068684e-02 6.069140375684126676e-01 6.897836527134241225e-01 1.012369890197323263e+00 1.346763874115209481e+00 4.526401614474399177e-02 4.211752541126553145e-02 2.238191416703657829e-02 2.188884130352631088e-02
3.849000000000000000e+03 3.905000000000000000e+03 0.000000000000000000e+00 -1.083079279305175646e+01 3.333004512919200746e+00 5.734333956801499710e+00 1.509053606989181895e-01 4.495930908448020347e-01 5.046289502058414200e-01 9.886412611614097123e-01 1.377573174065296779e+00 4.013768491019131801e-02 4.028940706392258875e-02 2.282194574235002493e-02 2.330323062955302893e-02
3.905000000000000000e+03 4.007000000000000000e+03 0.000000000000000000e+00 -1.314174910553394682e+01 6.098818287221787315e+00 5.803381652512836553e+00 7.843518050830422528e-02 2.872956383109006140e+00 3.161352922371087004e+00 3.151593347035769543e+00 2.683856565630092561e+00 8.060174658621210853e-02 5.235697832212871106e-02 5.855549505441115521e-02 3.627146870527181433e-02
4.007000000000000000e+03 4.035000000000000000e+03 0.000000000000000000e+00 -1.097634769799108057e+01 2.512279369150685504e+00 5.777245905967210327e+00 1.379411836371383787e-02 5.064705883577786949e-01 5.343829709308689502e-01 7.796953943027551404e-01 1.186913627453185960e+00 4.506210706110902464e-02 4.550304356531942318e-02 2.155053640175756680e-02 2.179409771653310901e-02
4.035000000000000000e+03 4.060000000000000000e+03 0.000000000000000000e+00 -1.108350236330018390e+01 3.680799706718457465e+00 5.699260894838145575e+00 3.561264462274158632e-02 2.648914118607486046e-01 2.825152287496575099e-01 7.868964524622080736e-01 1.237365179104187973e+00 2.014979814314066253e-02 1.978328914121996185e-02 1.345401209247588242e-02 1.338024816687124335e-02
4.060000000000000000e+03 4.093000000000000000e+03 0.000000000000000000e+00 -1.083163854040331664e+01 3.728977070120256698e+00 5.698558210049514017e+00 -5.835548429152760674e-02 4.150835056779094145e-01 4.523483975722903949e-01 9.572847602869596351e-01 1.372224175293244919e+00 3.251109689898523669e-02 3.125304765322134415e-02 2.374737478813661318e-02 2.435040233924339742e-02
4.093000000000000000e+03 4.206000000000000000e+03 0.000000000000000000e+00 -1.056594608305232974e+01 3.168970829612549167e+00 5.718844058190508228e+00 -4.413969293754613915e-02 2.026266901012666322e-01 2.151440488026553910e-01 6.200997203161682236e-01 1.005951108339772526e+00 2.043112607321795338e-02 2.010673705477146814e-02 1.309489081740462108e-02 1.304428689211376696e-02
4.206000000000000000e+03 4.226000000000000000e+03 0.000000000000000000e+00 -1.079720478476865964e+01 3.486442488293672426e+00 5.716979407662525325e+00 -3.404941403546987710e-02 3.090881789918349942e-01 3.374538369158705531e-01 7.584743382918556209e-01 1.188362482887242999e+00 2.099070813487309908e-02 2.065424256974483438e-02 1.797063894348002039e-02 1.800050465399343283e-02
4.226000000000000000e+03 4.238000000000000000e+03 0.000000000000000000e+00 -1.147447005850557389e+01 3.868798512592663386e+00 5.718070054742192099e+00 -8.171581199730355849e-02 4.714866693864490088e-01 5.234122913385986786e-01 9.629833552436880550e-01 1.341287430597436270e+00 2.850170227773585196e-02 2.683712428789626972e-02 1.933224785921791242e-02 1.924488212916036431e-02
4.238000000000000000e+03 4.525000000000000000e+03 0.000000000000000000e+00 -1.136373049458652318e+01 3.291379201538109811e+00 5.748563104236960264e+00 -5.247783963833772825e-02 1.071750340688700120e+00 2.745303441305533720e+00 2.331624134305639640e+00 1.697713051374211801e+00 6.159756978629769147e-02 1.155593228813129869e-01 4.313868586156503759e-02 3.037337069522754243e-02
4.525000000000000000e+03 4.786000000000000000e+03 0.000000000000000000e+00 -1.047410669126407079e+01 3.257478942136268429e+00 5.702951968826826423e+00 -9.289264832550903073e-02 2.926429476655023620e-01 3.223818835399416827e-01 7.875265812597502801e-01 1.221569882520111783e+00 2.892831672187856640e-02 2.785267687689341187e-02 2.112891330234996368e-02 2.085341671831618393e-02
4.786000000000000000e+03 4.827000000000000000e+03 0.000000000000000000e+00 -1.172900971281599425e+01 3.392076196743992522e+00 6.119164574927545175e+00 -4.997500120791673744e-02 1.081332031763740931e+00 7.422807074732157284e-01 1.155245345831543702e+00 1.843637020530215720e+00 5.042152417588615515e-02 2.727127960516314079e-02 1.891010586647475997e-02 2.053717014704778757e-02
4.827000000000000000e+03 4.905000000000000000e+03 0.000000000000000000e+00 -1.076929506727808494e+01 2.609495694745824323e+00 5.730470260977878816e+00 2.899888467357268976e-02 2.264380627826382553e-01 2.437385141620822537e-01 5.372519205779714424e-01 8.715987585433931928e-01 2.519839564836494003e-02 2.445924877886381313e-02 1.376132957031002239e-02 1.376265962637045204e-02
4.905000000000000000e+03 4.921000000000000000e+03 0.000000000000000000e+00 -1.168829874490489829e+01 3.828155101297026963e+00 5.666003529010920303e+00 5.488783179424032432e-02 6.525678489319526321e-01 7.778493924972988971e-01 1.152209419923892586e+00 1.447715760301230503e+00 6.104112242607939720e-02 5.133941416461129670e-02 2.153041775852157502e-02 2.199611622472972053e-02
4.921000000000000000e+03 4.924000000000000000e+03 0.000000000000000000e+00 -1.105886970781231149e+01 3.065515564286139139e+00 5.718162123242497508e+00 6.025270177460140264e-02 3.263236857509663191e-01 3.686452937719219558e-01 7.515692522527279706e-01 1.160942466159329944e+00 3.839582611723842825e-02 3.554745769879878031e-02 1.597859551042516216e-02 1.620549158520308633e-02
