Borne_inf Borne_sup Likelihood log(S0) log(Q) log(w0) Offset Errors_inf S0,Q,w0,Offset Errors_sup S0,Q,w0,Offset
3.320000000000000000e+03 3.340000000000000000e+03 4.170039961801699491e+01 -8.646507437438838650e+00 1.134493640243690038e+00 5.508769691840605276e+00 -1.892914046375316350e-01 1.802365815672954952e+00 2.392134610418646723e+00 1.965767956651740311e+00 2.015648617756605088e+00 2.673423735704005821e-01 2.141299673613445975e-01 1.806789124542355629e-01 9.630451418517797790e-02
3.340000000000000000e+03 3.492000000000000000e+03 4.579501388835380027e+01 -1.114769839195206202e+01 3.693273730198669114e+00 5.791049313163599166e+00 -1.605440946362973187e-01 1.072620259749687222e+00 1.222068092986544841e+00 1.434185701471876406e+00 1.615883851169160224e+00 6.547972544069757816e-02 5.266627266637868843e-02 3.687951945226441985e-02 3.960463889086433820e-02
3.492000000000000000e+03 3.494000000000000000e+03 5.425186968191464842e+00 -1.078293898477176960e+01 5.030866956620648978e+00 5.451795180034915589e+00 8.577241050605857731e-02 3.661494325409092809e+00 3.865760324999047981e+00 3.781056028579889094e+00 3.429931515937898467e+00 3.128802452406178602e-01 4.407226262211709766e-01 6.684254675460472583e-01 3.503544999899320667e-01
3.494000000000000000e+03 3.666000000000000000e+03 4.495332693027465965e+00 -7.791023372489573440e+00 1.407578612142531771e+00 5.528454199323842744e+00 4.734930920952472311e-03 3.287728977362450955e+00 2.735077247008720569e+00 2.160361548569548873e+00 3.485976699265804779e+00 2.743100593960781097e-01 2.345351391523191609e-01 1.914345044087807091e-01 3.916418577116435040e-01
3.666000000000000000e+03 3.668000000000000000e+03 4.265991249308729039e+01 -1.021769932960337535e+01 2.982922346443597217e+00 5.668744150531434656e+00 8.292680680589556430e-02 6.780374777478233028e-01 8.128215711962347712e-01 1.135610105495326927e+00 1.446533495904421596e+00 6.822993211075178976e-02 5.978920926831765570e-02 4.763387187813548918e-02 4.626086288966665960e-02
3.668000000000000000e+03 3.711000000000000000e+03 6.500414656867428675e+01 -1.132835134560755641e+01 3.249473478311738717e+00 5.714751778767638513e+00 1.160104094738213520e-01 5.312873114146601239e-01 6.193918361957635454e-01 9.446449065434641135e-01 1.325401710541462386e+00 4.336431605453849869e-02 3.981001108549886425e-02 2.319716285725141602e-02 2.386605913457462425e-02
3.711000000000000000e+03 3.712000000000000000e+03 3.709699987272080790e+01 -1.032731640795135597e+01 2.788988533642121848e+00 5.693168830327572039e+00 1.190123174901307063e-01 7.529424028407056824e-01 8.911469564087628470e-01 1.144395312722172875e+00 1.474475228615753419e+00 6.538131495049981368e-02 5.442436118942506340e-02 4.190980059018285797e-02 4.402062779257663594e-02
3.712000000000000000e+03 3.713000000000000000e+03 6.864444372461932176e+01 -1.243150390404549555e+01 5.219285836686667679e+00 5.718977022973361635e+00 1.518698727868290632e-01 6.423037476800104173e-01 6.891957487781574798e-01 1.172376238653797031e+00 1.442179901651106100e+00 1.668266193668888064e-02 1.694234711405417926e-02 1.545901664551341259e-02 1.539363503295462787e-02
3.713000000000000000e+03 3.768000000000000000e+03 2.646739335878856281e+01 -9.115828559605109405e+00 2.658750014888924706e+00 5.603793582481265467e+00 1.775401017245370472e-02 6.097398412039432003e-01 7.690474762112842200e-01 1.024195275079446743e+00 1.384179234411897941e+00 8.258263303753743401e-02 6.568856324907734745e-02 7.518125636023406666e-02 7.097112824337240000e-02
3.768000000000000000e+03 3.769000000000000000e+03 4.166756124244636794e+02 -1.101212439948414890e+01 3.337283122434280713e+00 5.678258480604610803e+00 7.753776380015653391e-02 2.181940008833542777e-01 2.308456367075795157e-01 6.265033564043962500e-01 1.037145440964769350e+00 1.656475890462072442e-02 1.642042134535603992e-02 1.168102176366593581e-02 1.159598151939919553e-02
3.769000000000000000e+03 3.770000000000000000e+03 9.888096639227376272e+01 -1.093672736265378020e+01 1.760240709468995801e+00 5.601673299588032506e+00 1.278925111671075365e-01 5.148185135571257121e-01 6.309424257368299038e-01 6.930509402060194279e-01 1.040685601134777150e+00 7.880497572311462307e-02 7.169513622686896070e-02 2.527687965482988686e-02 2.519667283243653966e-02
3.770000000000000000e+03 3.771000000000000000e+03 8.482640545070664473e+01 -1.183529245975005928e+01 4.187416369978764763e+00 5.621568086904554562e+00 4.554630079241153706e-02 7.296051950917146200e-01 8.068497978205737553e-01 1.198334217662676338e+00 1.497025358794392247e+00 3.097284314831316721e-02 3.092793891784761939e-02 1.900885326282413662e-02 1.928656419622523654e-02
3.771000000000000000e+03 3.772000000000000000e+03 4.690572381266935764e+01 -1.095623953026679054e+01 2.596705704876283605e+00 5.612601528526757200e+00 1.425834286777654669e-01 7.365624223942432991e-01 9.221195384174780685e-01 1.059058900035245498e+00 1.375015064049420754e+00 6.734657421302259195e-02 5.986989914898366294e-02 3.028055166776266738e-02 2.832908769715064556e-02
3.772000000000000000e+03 3.773000000000000000e+03 8.077130974356765591e+01 -1.148573944199370267e+01 3.157400804415515516e+00 5.668406875249200283e+00 3.526625428056617828e-02 6.403744919952512049e-01 7.649980630022792383e-01 1.150933738989333488e+00 1.481652357866598990e+00 7.357847091944158535e-02 6.679792121118754977e-02 2.208841375114490441e-02 2.202021398266051921e-02
3.773000000000000000e+03 3.774000000000000000e+03 7.246607255539149151e+01 -1.142220311760487661e+01 4.349042365287564493e+00 5.579816632840400636e+00 5.266607507926557991e-02 6.525579110483015199e-01 7.218936972192278034e-01 1.144980274332129788e+00 1.452926466215606283e+00 3.007836797201424162e-02 3.033003979426052155e-02 2.261909604274626312e-02 2.206523904759529614e-02
3.774000000000000000e+03 3.849000000000000000e+03 3.570744682364724554e+01 -1.163189150984528197e+01 4.705520246768739590e+00 5.706532474417727485e+00 9.117428007283208402e-02 7.414643875125008776e-01 7.657123844740425511e-01 1.205822240702632442e+00 1.550864736976433456e+00 2.230090637980897128e-02 2.310771135607758708e-02 2.664208284977161167e-02 2.556009064726796898e-02
3.849000000000000000e+03 3.905000000000000000e+03 4.487669832094980649e+01 -1.083927968243411399e+01 3.340198216202873827e+00 5.734235302314716343e+00 1.507279074946083486e-01 4.496832471026692701e-01 5.035928565159935033e-01 9.885306057690388393e-01 1.367602796070903626e+00 4.015514142264553499e-02 4.031904517773465813e-02 2.293893832113658160e-02 2.300643258339146735e-02
3.905000000000000000e+03 4.007000000000000000e+03 1.328762073703567204e+01 -1.298561295476791777e+01 5.957857109300725540e+00 5.802206758334158110e+00 7.789623878412657576e-02 2.953902215406777998e+00 3.156598191601968750e+00 3.138800464845354909e+00 2.770209830599256406e+00 8.501161406933999132e-02 5.356162960194055245e-02 6.559865431641490052e-02 3.623342138528275191e-02
4.007000000000000000e+03 4.035000000000000000e+03 5.115068401650101748e+01 -1.097280987204530689e+01 2.498809854028626987e+00 5.775326713674393986e+00 1.376476247741852642e-02 5.038848452480628737e-01 5.525117205738503401e-01 7.862080393503612097e-01 1.168765983011213816e+00 4.524366172602967140e-02 4.569693393029083950e-02 2.133969717157754853e-02 2.175527072653642841e-02
4.035000000000000000e+03 4.036000000000000000e+03 2.462461646406179341e+02 -1.126955335105860989e+01 3.689234974565414049e+00 5.650640634356168590e+00 2.933806587376678460e-02 2.633441393712914191e-01 2.825822666430788388e-01 8.193681470364411190e-01 1.252728173334325845e+00 2.096463296450501446e-02 2.087144195646661871e-02 1.118179709237727970e-02 1.125582822978070385e-02
4.036000000000000000e+03 4.038000000000000000e+03 1.077787066440825043e+02 -1.083856029887304828e+01 3.301051854644284855e+00 5.711536381625417214e+00 2.354145219188450572e-02 2.522837238498478740e-01 2.706797530445612665e-01 7.222161273742702114e-01 1.151743353178731777e+00 2.255822159996778709e-02 2.208197467194050745e-02 1.459332252804568936e-02 1.486951802913873827e-02
4.038000000000000000e+03 4.039000000000000000e+03 8.553934492074593265e+01 -1.107110042514573855e+01 3.938036923708570836e+00 5.725941551612836022e+00 4.381475313714754127e-02 2.513191585732545974e-01 2.615846866046442898e-01 8.192393559969337602e-01 1.261916550922434599e+00 1.691463929478942418e-02 1.656182140303918970e-02 1.354718829730912691e-02 1.333119469110680827e-02
4.039000000000000000e+03 4.060000000000000000e+03 8.306279034781873349e+01 -1.115201877726683577e+01 3.831025011105682943e+00 5.707977945322974200e+00 4.609213298410537452e-02 3.001930444443292600e-01 3.189497509961558563e-01 8.220122537021117282e-01 1.270040329605936158e+00 1.978739332624090963e-02 1.978988311096774311e-02 1.452031649763754068e-02 1.459453426419930755e-02
4.060000000000000000e+03 4.093000000000000000e+03 7.105652429801075698e+01 -1.083643594083468642e+01 3.752659928055224192e+00 5.698321284989782853e+00 -5.807101105701573118e-02 4.162997338634433220e-01 4.594488669367819966e-01 9.720919752550511994e-01 1.368215112055351845e+00 3.254820804775793164e-02 3.141103439834580513e-02 2.343144539482348854e-02 2.419079596025202478e-02
4.093000000000000000e+03 4.094000000000000000e+03 2.783592341690844592e+02 -1.078583952169380744e+01 3.566731904381721385e+00 5.727378911895258717e+00 -3.540526729571814163e-02 1.834039824761788395e-01 1.928762881335686075e-01 6.285719643697915693e-01 1.048375819396212272e+00 1.364114293535312328e-02 1.346792391733675487e-02 1.124196514494843480e-02 1.111184426735424211e-02
4.094000000000000000e+03 4.095000000000000000e+03 3.011328484050692964e+02 -1.019865707737218230e+01 2.297392212847407578e+00 5.697921129794568884e+00 -4.821100033339516255e-02 2.329496419525174389e-01 2.482598500325376989e-01 4.917390417833462646e-01 7.649823086773466230e-01 2.987373477773491715e-02 2.904331510791813287e-02 1.637404373413257896e-02 1.632996829384337351e-02
4.095000000000000000e+03 4.206000000000000000e+03 2.185294010540103784e+02 -1.070914373211653370e+01 3.643932463014246004e+00 5.732008923611297213e+00 -4.844514722809588336e-02 1.904856744608309782e-01 2.003944756551163664e-01 7.464907790730395121e-01 1.205122259793603767e+00 1.812632095700816848e-02 1.800708965777975124e-02 1.193994494614147167e-02 1.183710255815606516e-02
4.206000000000000000e+03 4.207000000000000000e+03 1.094030270436664409e+02 -1.085321539799071644e+01 3.405541172565909491e+00 5.703461098053766776e+00 -3.199570723480993362e-02 2.802899410049981554e-01 3.044259928126891168e-01 7.368876558804853261e-01 1.192548730518616651e+00 2.180090623333530431e-02 2.154642655011329566e-02 1.688682488939197146e-02 1.721877460415699446e-02
4.207000000000000000e+03 4.208000000000000000e+03 1.494789743601243401e+02 -1.093229811028159304e+01 3.771935667712912110e+00 5.719329932896003221e+00 -3.016292979969201898e-02 3.128085287542479165e-01 3.349096938839366544e-01 7.793811771535019695e-01 1.208694232988066997e+00 1.720969544364070458e-02 1.684469436131763587e-02 1.745983918459369927e-02 1.748813974176716482e-02
4.208000000000000000e+03 4.226000000000000000e+03 1.186340345668242264e+02 -1.059541811775289943e+01 3.300372157214257030e+00 5.728155316598465774e+00 -4.030442707169623606e-02 3.432953027545515567e-01 3.664218949504238765e-01 7.656830616714249693e-01 1.197791783087998496e+00 2.358501535854706788e-02 2.364851297322090318e-02 1.970699659221621103e-02 1.979449125413021426e-02
4.226000000000000000e+03 4.227000000000000000e+03 1.141585013372825586e+02 -1.160137885740917341e+01 4.698771360710235712e+00 5.650818266540648338e+00 -8.123498982069383978e-02 3.935449556074388511e-01 4.281440819273996112e-01 1.018205229805522194e+00 1.357537585672368152e+00 1.854122902769272940e-02 1.857310542642398588e-02 1.555127603437465866e-02 1.556594570848553183e-02
4.227000000000000000e+03 4.228000000000000000e+03 6.212877336785707882e+01 -1.134101753302880944e+01 3.921825780682990370e+00 5.781779463402449970e+00 -8.737948899476671860e-02 4.388014785983216370e-01 4.741135221033623282e-01 9.556648406823127218e-01 1.354488385187524457e+00 2.675024108239920650e-02 2.601046091267367188e-02 1.933382988747454900e-02 1.957478500520080933e-02
4.228000000000000000e+03 4.229000000000000000e+03 9.334802953329314334e+01 -1.095730414511540118e+01 3.469484312183690466e+00 5.731245021461198519e+00 -1.296171866214764212e-01 3.773672007873454248e-01 4.179742071033594186e-01 8.182994929197358047e-01 1.254175436593642612e+00 2.405501569841916876e-02 2.339991640165095532e-02 2.027604398400606467e-02 2.026444388740421265e-02
4.229000000000000000e+03 4.230000000000000000e+03 7.786967706408699996e+01 -1.262576882475723927e+01 5.137850295811618118e+00 5.702383121726668946e+00 -8.697249338648657679e-02 6.059424238899886461e-01 6.241611552976227273e-01 1.098165859558815960e+00 1.423509929072960922e+00 1.164256179156453186e-02 1.112376885956489758e-02 1.220079373372476295e-02 1.272985323467926144e-02
4.230000000000000000e+03 4.231000000000000000e+03 9.282171543960427584e+01 -1.130843396173494497e+01 3.503201395733440471e+00 5.700317341001086113e+00 -7.135827542271563906e-02 3.897007849606026753e-01 4.190044983798912881e-01 8.803648228660092556e-01 1.307268803594751283e+00 2.752607819885000140e-02 2.735679789206990620e-02 1.714786892843774002e-02 1.712557063009303993e-02
4.231000000000000000e+03 4.238000000000000000e+03 3.188591634059854130e+01 -1.097879922456774260e+01 2.499159644210990905e+00 5.742047028994803348e+00 -3.386979538619230845e-02 6.510496911146219645e-01 7.685710928022988497e-01 1.033763666956192928e+00 1.358261980625543153e+00 6.214714819783218047e-02 5.430041537171970134e-02 3.160434049624737118e-02 3.055513824011363982e-02
4.238000000000000000e+03 4.239000000000000000e+03 1.877757914142611639e+01 -1.054051393610698995e+01 1.377987777106258527e+00 5.817659265847400007e+00 -4.733149456829256752e-02 1.087958307698107419e+00 1.001747192622628724e+01 6.442900573524192431e+00 1.689161247017592959e+00 1.254842471235937396e-01 4.332769380989258678e-01 9.890337256531882282e-02 5.347922024268106367e-02
4.239000000000000000e+03 4.242000000000000000e+03 2.633880059344571478e+01 -1.424958701038599784e+01 5.872164320523643788e+00 5.801508707034951584e+00 -1.041717373210295089e-01 2.852757049483155782e+00 2.211603885362951161e+00 2.528998774843358888e+00 2.728933274879202564e+00 3.890080026194464580e-02 3.914942387534470214e-02 1.965464963106854090e-02 1.919219906700685152e-02
4.242000000000000000e+03 4.243000000000000000e+03 7.673580254632780395e+01 -1.092441613348180951e+01 3.145810473721003753e+00 5.646039700777122583e+00 -7.561999049332041034e-02 4.258499480237780688e-01 4.922823692969000575e-01 9.452356207626300133e-01 1.354155299879595376e+00 4.506492412216100973e-02 4.374073137395928512e-02 2.247256351034646049e-02 2.277712505214789934e-02
4.243000000000000000e+03 4.244000000000000000e+03 6.689779019597362719e+01 -1.044682696568355418e+01 2.746529134521197513e+00 5.743586777199253035e+00 -7.445485449963668012e-02 4.492706447233345557e-01 4.967060183227136605e-01 8.322735743684863685e-01 1.279703317897648240e+00 4.576961389212375053e-02 4.445618120537542239e-02 2.898206595960169107e-02 2.879859503481829730e-02
4.244000000000000000e+03 4.525000000000000000e+03 5.140765311188389575e+01 -1.089900818608988686e+01 3.514161855357115005e+00 5.737217916393525741e+00 3.887706294119947642e-02 4.418036155343081361e-01 5.093802682500800927e-01 1.019320245338315889e+00 1.394602625682456409e+00 4.008173171697126946e-02 3.796550086121008860e-02 2.476703348629114010e-02 2.452601747088511280e-02
4.525000000000000000e+03 4.786000000000000000e+03 1.583590550071593270e+02 -1.047770663344341813e+01 3.263041482167203355e+00 5.703226192699426988e+00 -9.276216285164043396e-02 2.937831071976333419e-01 3.221996379034148816e-01 7.875830885306913665e-01 1.211270737835933531e+00 2.901563646134430741e-02 2.770515340225454537e-02 2.092762742224743566e-02 2.106278822254455119e-02
4.786000000000000000e+03 4.787000000000000000e+03 1.042331152051586400e+02 -1.120904089844932727e+01 3.882930343606095125e+00 5.705005648849157396e+00 6.249165849834741049e-02 2.655252848674827248e-01 2.775029759249800776e-01 8.080217682718036087e-01 1.240788645776514709e+00 1.703714392752964102e-02 1.679329627281589410e-02 1.268413380936235513e-02 1.278672531416878699e-02
4.787000000000000000e+03 4.789000000000000000e+03 4.539642603279811794e+01 -1.035141196121750085e+01 3.341157335343186041e+00 5.728418148080749006e+00 -1.013697591404072729e-01 3.571983993334306717e-01 3.897281429706449529e-01 8.474467119308806140e-01 1.270879478075456426e+00 2.857220662242898612e-02 2.792133548483377581e-02 2.500813049145073075e-02 2.562922533191241969e-02
4.789000000000000000e+03 4.827000000000000000e+03 1.740086370227141899e+01 -1.361885911958029460e+01 2.873002799482048619e+00 6.922920493174363088e+00 -1.114831161777356944e-01 2.678096878157310456e+00 1.632214300901908999e+00 1.810592180095263792e+00 3.056705791816672235e+00 1.109684731646414235e-01 3.781377606728675289e-02 1.917917111804344488e-02 2.319749390472375383e-02
4.827000000000000000e+03 4.828000000000000000e+03 2.153684838782377824e+02 -1.085287104208764930e+01 2.439414761919311836e+00 5.739590840164893848e+00 2.965839263142789825e-02 2.373304324036595858e-01 2.547585138748189593e-01 4.931277957130961731e-01 7.727230562979459094e-01 2.604603059171406443e-02 2.545956826571149634e-02 1.337985767481082375e-02 1.323794137302722676e-02
4.828000000000000000e+03 4.829000000000000000e+03 2.549225861354858296e+02 -1.037820165141327600e+01 2.713313671912758185e+00 5.706311271800492690e+00 5.033995968957011291e-02 2.184646703315422656e-01 2.353973344166870874e-01 5.945408859443181981e-01 9.824286131672415046e-01 2.601918022541216402e-02 2.532693007873731972e-02 1.596653182597754239e-02 1.599922722244589979e-02
4.829000000000000000e+03 4.905000000000000000e+03 3.004683089794042985e+02 -1.108385153694940328e+01 2.678805928008844539e+00 5.745579746461327630e+00 7.492361043958337304e-03 2.263715682645361937e-01 2.407480074660117708e-01 5.244991850407170197e-01 8.384368291904715775e-01 2.303677007991655756e-02 2.248701440011480202e-02 1.204284562104309189e-02 1.188965797154862766e-02
4.905000000000000000e+03 4.906000000000000000e+03 7.409580416545465198e+01 -1.110824967687609188e+01 2.048679362719076025e+00 5.685821609067329696e+00 -4.927617662024723691e-03 6.669635582987432088e-01 9.477710424230956221e-01 1.171755774052718913e+00 1.424551528414811585e+00 1.448440308693550449e-01 1.115597640714725003e-01 2.300555316641444970e-02 2.731572294060326256e-02
4.906000000000000000e+03 4.908000000000000000e+03 1.144401462430666498e+02 -1.266587155598963577e+01 4.967569317045517074e+00 5.616947112376235118e+00 1.080396994945983652e-01 7.013038016622754611e-01 7.238401468651787241e-01 1.195517310165008951e+00 1.495837020235537551e+00 1.875142770990745333e-02 2.075621112693681880e-02 1.205391732130449423e-02 1.185371231977748463e-02
4.908000000000000000e+03 4.909000000000000000e+03 8.466972742324486489e+01 -1.164361818983704211e+01 4.878395055397864333e+00 5.743100925960556324e+00 5.163255851163895543e-02 4.882875077396011676e-01 5.370236641326933125e-01 1.046980853935464140e+00 1.398032665385250617e+00 1.779792469120522469e-02 1.729039605250015654e-02 1.921800353064983397e-02 1.902652370522483344e-02
4.909000000000000000e+03 4.921000000000000000e+03 3.255449252112534708e+01 -1.133707183661826789e+01 3.405185508989896803e+00 5.617461084346793143e+00 6.367325468391803189e-02 7.441340207405993112e-01 8.856776979416149942e-01 1.183422480530630150e+00 1.503237009591067874e+00 6.344482064019718592e-02 5.448094544311832266e-02 3.191447879126384224e-02 2.960210604611719643e-02
4.921000000000000000e+03 4.922000000000000000e+03 2.248282533421589733e+02 -1.107590897688145937e+01 3.903615098940468542e+00 5.769051982045796834e+00 8.758326574846742041e-02 2.473619474821937558e-01 2.653740768289978291e-01 8.402033127167003457e-01 1.301341955244755155e+00 1.988329021679735575e-02 1.912836535317019582e-02 1.411377574247577038e-02 1.399725970704088218e-02
4.922000000000000000e+03 4.923000000000000000e+03 1.194699819283916185e+02 -1.069353053978460721e+01 2.186327423367290468e+00 5.599164278620707869e+00 3.122187070404590023e-02 4.595507573020913838e-01 5.388828451961984456e-01 8.261074550067672995e-01 1.215243392176853288e+00 7.575867333237873424e-02 6.969995406370976809e-02 2.217649875187191477e-02 2.246117762976315366e-02
4.923000000000000000e+03 4.924000000000000000e+03 2.112294258208485758e+02 -1.140544481003175292e+01 3.116987259784737674e+00 5.785818567695391934e+00 6.155319132615676148e-02 2.791122584557932385e-01 2.976773649809327793e-01 6.055871180164200673e-01 1.000577824433642959e+00 1.899137520301419357e-02 1.867021878954222558e-02 1.201138351342555949e-02 1.190925368099972348e-02
