Borne_inf Borne_sup Likelihood log(S0) log(Q) log(w0) Offset Errors_inf S0,Q,w0,Offset Errors_sup S0,Q,w0,Offset
3.320000000000000000e+03 3.340000000000000000e+03 3.707305959669132989e+01 -8.723687125480909188e+00 1.212073278111860386e+00 5.508894285871042129e+00 -1.894281030274448108e-01 1.757693076559506906e+00 2.261881673642579749e+00 1.879431420014571197e+00 1.988564998421870289e+00 2.661966440523739763e-01 2.037146624847023801e-01 1.707414933177097971e-01 9.163559128985010460e-02
3.340000000000000000e+03 3.492000000000000000e+03 4.530642217679754680e+01 -1.113401209112153545e+01 3.677529531683887409e+00 5.789236629267996648e+00 -1.601969505662778626e-01 1.074349719389084967e+00 1.239589622347212483e+00 1.441488908425499371e+00 1.662351582067123079e+00 6.739715961357628515e-02 5.204910877319068874e-02 3.761014185899624884e-02 3.998050316226461898e-02
3.492000000000000000e+03 3.494000000000000000e+03 -1.774939544969901917e+01 -1.073021821730919001e+01 4.935871433836933164e+00 5.463247617578341320e+00 9.315147659500525035e-02 3.676332501561338617e+00 3.840058159949781391e+00 3.724225195800203281e+00 3.470350223172850690e+00 3.248482992491545929e-01 4.590074892527002959e-01 6.728827676564010929e-01 3.505259565119234200e-01
3.494000000000000000e+03 3.666000000000000000e+03 1.876126814905800799e+00 -7.877149502753992394e+00 1.488192380747389798e+00 5.530986588645017576e+00 -5.806005572489114641e-03 3.463839540994028354e+00 2.738065335531849165e+00 2.199759919266505825e+00 3.634901730306713041e+00 2.683242516572423852e-01 2.357339451811801823e-01 1.983642498592197156e-01 3.285743710466979550e-01
3.666000000000000000e+03 3.668000000000000000e+03 4.252558698580862995e+01 -1.020143818556323012e+01 2.968804131568510307e+00 5.669269226758344438e+00 8.406513599723469676e-02 6.850910503788707473e-01 8.053410568970686967e-01 1.135958569995797030e+00 1.469426771644557483e+00 6.754140526028429292e-02 5.973406657731139546e-02 4.804236084835767501e-02 4.572349138734327356e-02
3.668000000000000000e+03 3.711000000000000000e+03 7.669096686588420653e+01 -1.133343968372301092e+01 3.244055989741411850e+00 5.714815036940362525e+00 1.164953782253172893e-01 5.283149538151867830e-01 6.092537715378227858e-01 9.376825902076215691e-01 1.357761071936481656e+00 4.322612765933886436e-02 3.973425176010803028e-02 2.286899306271285293e-02 2.357475815715938394e-02
3.711000000000000000e+03 3.712000000000000000e+03 2.967881640309385460e+01 -1.031722507899383423e+01 2.799561532974170763e+00 5.691887543343085554e+00 1.182867817241723268e-01 7.562791993254975864e-01 8.936336251204544112e-01 1.153374739895432377e+00 1.484623777795113231e+00 6.535210642107891488e-02 5.427516988821778909e-02 4.266127313312886860e-02 4.427912150656855561e-02
3.712000000000000000e+03 3.713000000000000000e+03 6.935855021213561145e+01 -1.243668186450451074e+01 5.218730036405078820e+00 5.718790054209304863e+00 1.517925978374485285e-01 6.480988763688788623e-01 6.821191178912009434e-01 1.169137181249322310e+00 1.457434801287623927e+00 1.653521839173066610e-02 1.655029385340611725e-02 1.521163848681750252e-02 1.533779361327095025e-02
3.713000000000000000e+03 3.768000000000000000e+03 3.614553833372318792e+01 -9.098705969466347909e+00 2.664570250422528819e+00 5.601778515494240551e+00 1.777635687737943657e-02 6.215071441777375583e-01 7.691754518865998591e-01 1.037872953284345146e+00 1.397291486177743902e+00 8.314306602409970992e-02 6.619323009188349261e-02 7.604167392661914660e-02 7.074093231478195687e-02
3.768000000000000000e+03 3.769000000000000000e+03 4.166936210180598437e+02 -1.101670152926826596e+01 3.354095141035441152e+00 5.678312999000228345e+00 7.745605034860697513e-02 2.193077455536158737e-01 2.359371935578717938e-01 6.336707921000703791e-01 1.048544629413560081e+00 1.651001226648052267e-02 1.625868969456512048e-02 1.148337849646735576e-02 1.150416050194554007e-02
3.769000000000000000e+03 3.770000000000000000e+03 9.749731112095093977e+01 -1.094104181680319243e+01 1.789521815527218562e+00 5.604413866029245739e+00 1.280280244749519292e-01 5.160705535167338098e-01 6.336683757151639895e-01 7.129054820621993915e-01 1.046822498130324464e+00 7.931974582336120960e-02 7.055784826570210555e-02 2.523015773549519558e-02 2.535516448804842060e-02
3.770000000000000000e+03 3.771000000000000000e+03 7.441551647184114415e+01 -1.183649794315704540e+01 4.160652204477689686e+00 5.621524461893277369e+00 4.592580667196175664e-02 7.255352945615189952e-01 8.206636323223257534e-01 1.192917874364004760e+00 1.491830843945146867e+00 3.177818120369746424e-02 3.054589556941422757e-02 1.904988685339894031e-02 1.939366089943068278e-02
3.771000000000000000e+03 3.772000000000000000e+03 4.909982795269868205e+01 -1.096139558792912005e+01 2.613319718772512790e+00 5.612098869431177306e+00 1.420356633671602808e-01 7.349096187557311310e-01 9.150018836170072944e-01 1.066791717703595710e+00 1.394222916825166525e+00 6.745037691535493707e-02 5.930171064539013770e-02 3.029033771803416042e-02 2.825247064793373619e-02
3.772000000000000000e+03 3.773000000000000000e+03 8.611180686230821379e+01 -1.147433321962389741e+01 3.146128641737448106e+00 5.668518695426330467e+00 3.576687837542762843e-02 6.475814336298792995e-01 7.882664314280400930e-01 1.176555478656705178e+00 1.442577866458510272e+00 7.381484096330659384e-02 6.969057905608799786e-02 2.192591204915737835e-02 2.223819086253582544e-02
3.773000000000000000e+03 3.774000000000000000e+03 7.355952333154849043e+01 -1.143052708437941689e+01 4.379527492363169294e+00 5.579793819603832361e+00 5.302275344112384464e-02 6.517286705531688540e-01 7.241871428859525395e-01 1.153136271640151200e+00 1.450899457712999663e+00 3.009758152394237385e-02 3.038017974741080707e-02 2.238692060358866281e-02 2.212131090572227315e-02
3.774000000000000000e+03 3.849000000000000000e+03 3.606819490128044947e+01 -1.162517454144462370e+01 4.720346935646335673e+00 5.706106213360458312e+00 9.125080632952617399e-02 7.658412724719685372e-01 7.681650514947513386e-01 1.227305426542738775e+00 1.519656040095079597e+00 2.208774642071187344e-02 2.304942863363912409e-02 2.647294954828749436e-02 2.540903684222989289e-02
3.849000000000000000e+03 3.905000000000000000e+03 5.160183608844420888e+01 -1.082696248359445690e+01 3.332904361538169269e+00 5.735247970426205377e+00 1.509046765024525116e-01 4.553841176365480692e-01 5.048915119317172184e-01 9.829546576284386994e-01 1.357549288656030306e+00 4.096078681286563494e-02 4.041459924240697887e-02 2.310909796782911751e-02 2.328427117344480934e-02
3.905000000000000000e+03 4.007000000000000000e+03 1.356588694118311444e+01 -1.302415556993861578e+01 5.981528703824280591e+00 5.802144668804539940e+00 7.834530742653396385e-02 2.887099778302960829e+00 3.134878898383167467e+00 3.131655668696496253e+00 2.725640402191673139e+00 8.141845704080186152e-02 5.383203963323790475e-02 6.117208111967369771e-02 3.668540119168080260e-02
4.007000000000000000e+03 4.035000000000000000e+03 4.385301794575821077e+01 -1.096983667717270094e+01 2.492997282075536170e+00 5.776917920563311881e+00 1.412692262226837060e-02 5.029622151980053246e-01 5.429781869279270978e-01 7.807983344716555862e-01 1.166769580936525497e+00 4.598782385745892043e-02 4.547178390097705858e-02 2.191698310977446135e-02 2.156558501994059601e-02
4.035000000000000000e+03 4.036000000000000000e+03 2.440417572868145442e+02 -1.126084088846172904e+01 3.669113904370045365e+00 5.650578936628795290e+00 2.938320078685938835e-02 2.670127672657258699e-01 2.799118449806048403e-01 8.117411323765661990e-01 1.265627234192873818e+00 2.101866853859224449e-02 2.091889563967619381e-02 1.141006283643760874e-02 1.128811739629468486e-02
4.036000000000000000e+03 4.038000000000000000e+03 1.098393313633015822e+02 -1.083952519534056691e+01 3.307425861554528002e+00 5.711640553150992616e+00 2.346895857395103063e-02 2.481016912814109077e-01 2.694184862038007111e-01 7.200854731469403802e-01 1.169432858230326833e+00 2.247831752250739612e-02 2.201296538144958959e-02 1.483026487088281997e-02 1.471256579562871952e-02
4.038000000000000000e+03 4.039000000000000000e+03 8.754764096193117950e+01 -1.107146078984737692e+01 3.904291861563478960e+00 5.725780228657523452e+00 4.339223372515753352e-02 2.508746114380624448e-01 2.651249308032461727e-01 8.011454176612615719e-01 1.247057244034857959e+00 1.653148787231817352e-02 1.648104045741849433e-02 1.350620326689969813e-02 1.346464792232325569e-02
4.039000000000000000e+03 4.060000000000000000e+03 8.209139211020034566e+01 -1.115607699431672728e+01 3.825454489671480385e+00 5.707771694042643063e+00 4.572813610300670295e-02 2.998139076768318034e-01 3.218616275630417078e-01 8.230643715069208000e-01 1.270517957630825645e+00 1.955796494057260304e-02 1.961775335676563259e-02 1.438910195647519208e-02 1.452257802911852136e-02
4.060000000000000000e+03 4.093000000000000000e+03 7.189001113508568608e+01 -1.083149864946570418e+01 3.724475692697421181e+00 5.698346643754518936e+00 -5.834002704544394291e-02 4.165068027981959631e-01 4.496408758926975224e-01 9.501034996057144966e-01 1.353343674212547754e+00 3.268827715047706306e-02 3.154881933866438004e-02 2.361708862899404571e-02 2.439414085397805659e-02
4.093000000000000000e+03 4.094000000000000000e+03 2.727272399004066870e+02 -1.078676361171107168e+01 3.578801359726623055e+00 5.727279479572024989e+00 -3.516751506418949735e-02 1.830419251630441835e-01 1.911448501610379935e-01 6.380883746163923398e-01 1.071700343361257524e+00 1.349877768102114572e-02 1.342120592928353062e-02 1.135050286992748958e-02 1.108479969907205653e-02
4.094000000000000000e+03 4.095000000000000000e+03 2.916444080511867583e+02 -1.019734446460975263e+01 2.294552107394539853e+00 5.698355490209541685e+00 -4.843068364025742562e-02 2.357838648201973086e-01 2.561159859393082883e-01 4.964099623600319866e-01 7.638122877217647932e-01 3.037949419998753342e-02 2.941921395096880332e-02 1.669673353305196201e-02 1.638385953321915695e-02
4.095000000000000000e+03 4.206000000000000000e+03 2.179046898382546544e+02 -1.071316772040987431e+01 3.657893096448930237e+00 5.732665237409711345e+00 -4.858101327564051664e-02 1.936707993274335848e-01 2.005369861048684754e-01 7.581435338844468852e-01 1.220485192493632631e+00 1.816437310893270762e-02 1.792182015961607533e-02 1.167854722322575478e-02 1.164746741584972434e-02
4.206000000000000000e+03 4.207000000000000000e+03 1.052536026456296554e+02 -1.085070709486308083e+01 3.397147541453080510e+00 5.703734828235205612e+00 -3.153592556924977863e-02 2.837624294779406142e-01 3.067890114124498524e-01 7.303834192794647073e-01 1.179227777465711835e+00 2.171628096057709456e-02 2.131234002579596165e-02 1.712632558017883333e-02 1.704364580325727629e-02
4.207000000000000000e+03 4.208000000000000000e+03 1.494420103344811821e+02 -1.092613166997654339e+01 3.740539562557817721e+00 5.719368991352867582e+00 -3.028712917550356598e-02 3.156841317854492956e-01 3.420946652330254523e-01 7.788458534817714884e-01 1.208974586213137581e+00 1.730482630673524369e-02 1.706446824185636757e-02 1.766124502001801405e-02 1.789465117052047721e-02
4.208000000000000000e+03 4.226000000000000000e+03 1.233947245267733308e+02 -1.059198955237406636e+01 3.281821883281893282e+00 5.728456951442886691e+00 -3.979474415400906240e-02 3.378548856488290397e-01 3.686067345470416257e-01 7.584601836663318331e-01 1.215922741928392004e+00 2.405216213410632520e-02 2.401468632944059323e-02 1.937149079651667022e-02 1.935351632778882155e-02
4.226000000000000000e+03 4.227000000000000000e+03 1.084176290349905116e+02 -1.159748945052391633e+01 4.676780056800202701e+00 5.650987289657363633e+00 -8.158929623477112481e-02 3.913024034440244492e-01 4.272358230225226094e-01 1.007734662262621317e+00 1.380096168261282230e+00 1.850512330565923236e-02 1.881884369936770440e-02 1.565356276308788042e-02 1.552292573348590388e-02
4.227000000000000000e+03 4.228000000000000000e+03 5.340275716447747811e+01 -1.135205267142533181e+01 3.921000905823988525e+00 5.782104134975364573e+00 -8.693656047233223882e-02 4.309178195279486090e-01 4.746487092944402519e-01 9.595080551175048100e-01 1.365875416450049507e+00 2.672538960965287202e-02 2.587499121336023222e-02 1.936015435619004021e-02 1.930621095704093682e-02
4.228000000000000000e+03 4.229000000000000000e+03 9.297347876960596125e+01 -1.095438255275417738e+01 3.480175323172598034e+00 5.731395224084048223e+00 -1.296961155870694216e-01 3.794969602712541246e-01 4.203719532595915354e-01 8.280625161408456947e-01 1.264341242094244144e+00 2.404464032293596176e-02 2.375173574523614661e-02 2.011173109713362828e-02 2.032700167291981441e-02
4.229000000000000000e+03 4.230000000000000000e+03 7.697647553902083928e+01 -1.263829293601242654e+01 5.125964433143435528e+00 5.702271216495086392e+00 -8.687009026951514334e-02 5.967469872973367728e-01 6.307570592161138023e-01 1.084992536242394223e+00 1.425827521644773554e+00 1.151249248824282034e-02 1.108785772624454324e-02 1.220497798185862792e-02 1.274626967643362196e-02
4.230000000000000000e+03 4.231000000000000000e+03 9.733344385091015738e+01 -1.131571869945378950e+01 3.489792480572048383e+00 5.700615795184112322e+00 -7.154984837750270887e-02 3.822447665393884364e-01 4.271427774539748867e-01 8.609563849186554485e-01 1.290070424745142219e+00 2.773426980315107926e-02 2.736051724666932472e-02 1.737263930246503441e-02 1.702929162572740240e-02
4.231000000000000000e+03 4.238000000000000000e+03 2.207016132131185060e+01 -1.099197994388677735e+01 2.507914140332186292e+00 5.741592143377968860e+00 -3.360046166953756935e-02 6.418086861466854032e-01 7.558019480151507707e-01 1.018361594388711211e+00 1.360461241984031400e+00 6.081168868070196964e-02 5.389035810661990666e-02 3.192110404846220523e-02 3.073109745132741183e-02
4.238000000000000000e+03 4.239000000000000000e+03 1.950402774438241238e+01 -1.059348434873070843e+01 1.446877192461459849e+00 5.812560125422287172e+00 -4.612474594470196421e-02 1.050797431137931781e+00 8.916579913944937985e+00 5.866985576388474399e+00 1.614846046417003134e+00 1.286772364684525272e-01 3.557848694863308125e-01 7.981968024841283593e-02 4.927646104320156095e-02
4.239000000000000000e+03 4.242000000000000000e+03 1.454643039973882068e+01 -1.425302850819597289e+01 5.899721398311974951e+00 5.802017638062720195e+00 -1.040719171622768724e-01 2.870115342326004182e+00 2.218976484632268154e+00 2.561356626855342711e+00 2.709416944386102699e+00 3.972536077969301971e-02 3.966438067081234919e-02 2.011173145952725727e-02 1.894558284227086664e-02
4.242000000000000000e+03 4.243000000000000000e+03 7.697674053627308410e+01 -1.092934583179970964e+01 3.152434822509066148e+00 5.645174277014612940e+00 -7.556221437543469976e-02 4.254370095422110865e-01 4.936725350313793115e-01 9.432860532240177065e-01 1.358537785049727109e+00 4.558277057696535906e-02 4.409050248013191009e-02 2.267944311027317306e-02 2.295880651352832924e-02
4.243000000000000000e+03 4.244000000000000000e+03 6.562265202944278997e+01 -1.044501595858007015e+01 2.765798504297649174e+00 5.742947730555140851e+00 -7.409823858627417881e-02 4.510724359311701903e-01 4.993526355131105987e-01 8.436898831099846063e-01 1.285185794051807662e+00 4.527637602195255795e-02 4.397527643611454096e-02 2.901152240492704815e-02 2.834350075049339723e-02
4.244000000000000000e+03 4.525000000000000000e+03 5.305977954466880675e+01 -1.089557111411605916e+01 3.479347658654931230e+00 5.737081605913530780e+00 3.837248206869497968e-02 4.447779736788977090e-01 5.145599511276621740e-01 9.986664843513817225e-01 1.355004130929875927e+00 3.995598978467995721e-02 3.746101386894640228e-02 2.446323220762437745e-02 2.460269198641593102e-02
4.525000000000000000e+03 4.786000000000000000e+03 1.621218173963330855e+02 -1.047332182090514507e+01 3.262250111398933949e+00 5.703340440432294045e+00 -9.321471077112974957e-02 2.927708128123711617e-01 3.243617657816297850e-01 7.980800378475043644e-01 1.246174172593109919e+00 2.929070920335874462e-02 2.894138968383863642e-02 2.129187883014735383e-02 2.106032647929848012e-02
4.786000000000000000e+03 4.787000000000000000e+03 1.016202696405064216e+02 -1.121022086466968659e+01 3.897726899422422342e+00 5.704921972886197068e+00 6.232587143834734944e-02 2.661498301890681262e-01 2.812225665536089991e-01 8.173399938997989445e-01 1.283654291094641131e+00 1.689539920966165454e-02 1.642784596633539707e-02 1.266786522546729798e-02 1.273609070051597014e-02
4.787000000000000000e+03 4.789000000000000000e+03 4.904756479538494318e+01 -1.035521715688042832e+01 3.347751455311320345e+00 5.728913034227760548e+00 -1.013069836349569791e-01 3.617133117897886052e-01 3.928286989455518352e-01 8.529146790494235297e-01 1.278538485476395703e+00 2.836962254478692103e-02 2.777301990728897607e-02 2.495930829163715836e-02 2.548800141644799733e-02
4.789000000000000000e+03 4.827000000000000000e+03 1.614373817498458052e+01 -1.361326040762505230e+01 2.892515147967364086e+00 6.923254975097155928e+00 -1.106465747392797183e-01 2.294434870346954369e+00 1.470714652404883083e+00 1.704741779757215525e+00 2.698214944287016692e+00 9.741489967824179530e-02 3.899534266822168860e-02 1.875335532626890012e-02 2.269306056762493418e-02
4.827000000000000000e+03 4.828000000000000000e+03 2.185704300371706950e+02 -1.085528395589274808e+01 2.438695960762747195e+00 5.739672965578031416e+00 2.931445604669342953e-02 2.362288918451849185e-01 2.541705427671967499e-01 4.916606689529139373e-01 7.837796598210200472e-01 2.623353410312567746e-02 2.530155132539846363e-02 1.310287850846321087e-02 1.328585573828518912e-02
4.828000000000000000e+03 4.829000000000000000e+03 2.611384728230857490e+02 -1.037374755627337208e+01 2.695670012835786444e+00 5.706440849305547403e+00 5.019472626401665083e-02 2.208114192276173782e-01 2.356143903888181512e-01 5.857575530024825561e-01 9.513823280403190807e-01 2.648647588997565805e-02 2.534265461005880127e-02 1.602081393430142275e-02 1.601544098496096580e-02
4.829000000000000000e+03 4.905000000000000000e+03 2.935155189594919989e+02 -1.108522586258882292e+01 2.678279271817753493e+00 5.745762535766912649e+00 7.474217197558356840e-03 2.234260702791015518e-01 2.414928486110383687e-01 5.203062253709767049e-01 8.590291591298631069e-01 2.317216192616289305e-02 2.285229046551240373e-02 1.189309929962756307e-02 1.178389030011647853e-02
4.905000000000000000e+03 4.906000000000000000e+03 7.557831698659977349e+01 -1.110880638066791626e+01 2.022949956615506029e+00 5.687147956364585255e+00 -3.852965762009795403e-03 6.673155518897910810e-01 9.767046050478764840e-01 1.173136231562757814e+00 1.438592234264029379e+00 1.460422447321390038e-01 1.114281510308270384e-01 2.319050412268497743e-02 2.781412247117450581e-02
4.906000000000000000e+03 4.908000000000000000e+03 9.683057809830289386e+01 -1.267401406890924775e+01 5.005298473120330272e+00 5.616969915865862362e+00 1.081870263349659911e-01 7.037539407734971775e-01 7.237457922740624383e-01 1.191165345352616534e+00 1.494780685428899858e+00 1.886103397412419724e-02 2.090647707286130697e-02 1.219047567110226327e-02 1.181693772242922713e-02
4.908000000000000000e+03 4.909000000000000000e+03 8.627610348322721734e+01 -1.163651080356643419e+01 4.881610548433666708e+00 5.742779901508943574e+00 5.150750291696035155e-02 4.908332530940970884e-01 5.439915736020495274e-01 1.055098248058473853e+00 1.394389166322479667e+00 1.798760361996354362e-02 1.756674590408202619e-02 1.919874303978976599e-02 1.897512501512205185e-02
4.909000000000000000e+03 4.921000000000000000e+03 5.702412174874779538e+01 -1.134215422166641041e+01 3.385106461663526467e+00 5.618939675388348931e+00 6.380502960880184149e-02 7.346172228203489141e-01 8.632423417893981821e-01 1.157197222079214161e+00 1.476653066356922395e+00 6.263949006084779114e-02 5.444703193132660601e-02 3.197542842012818243e-02 2.979976580380054585e-02
4.921000000000000000e+03 4.922000000000000000e+03 2.234145217965028678e+02 -1.107322308866693739e+01 3.880763283245611373e+00 5.768685256244356907e+00 8.728037305691035974e-02 2.503361553300216258e-01 2.661541819859056801e-01 8.298006008303562275e-01 1.276950490159709961e+00 1.955583560627882633e-02 1.893270336818542177e-02 1.399166143710967036e-02 1.410556396558894365e-02
4.922000000000000000e+03 4.923000000000000000e+03 1.209509554136792104e+02 -1.070305815045602849e+01 2.200035066229566461e+00 5.600815384762015015e+00 3.161785499342619626e-02 4.549001831106185278e-01 5.480680976260838833e-01 8.410738755402105138e-01 1.227029699899233606e+00 7.550804901356578114e-02 6.987455943440767925e-02 2.190311443105176503e-02 2.225929184049564580e-02
4.923000000000000000e+03 4.924000000000000000e+03 2.058307581157235404e+02 -1.140303728121382321e+01 3.101158564181373478e+00 5.785874655295276447e+00 6.132976889481776828e-02 2.822844327110338725e-01 3.033876953558234391e-01 6.052516690992426618e-01 9.894918077613397145e-01 1.924470848088777331e-02 1.884097808436280275e-02 1.226189476534014083e-02 1.202594379668252278e-02
