Borne_inf Borne_sup Likelihood log(S0) log(Q) log(w0) Offset Errors_inf S0,Q,w0,Offset Errors_sup S0,Q,w0,Offset
3.320000000000000000e+03 3.340000000000000000e+03 4.219875934152411645e+01 -8.680518194986936109e+00 1.165326338653580152e+00 5.507541433200454861e+00 -1.916017053544188387e-01 1.764036930184841978e+00 2.273902235734841071e+00 1.888778258282823419e+00 1.993531937265990095e+00 2.680941872874464948e-01 2.084817374322787131e-01 1.815642889017957118e-01 9.222992429653970037e-02
3.340000000000000000e+03 3.492000000000000000e+03 4.555807735459750774e+01 -1.113808224252391454e+01 3.682672339161473740e+00 5.789926784427073869e+00 -1.607000346414769465e-01 1.073267300685305514e+00 1.231118326930952023e+00 1.431138684838633601e+00 1.622279836650599716e+00 6.680218029428086624e-02 5.268718895926838286e-02 3.700857218170985896e-02 3.998776460563019386e-02
3.492000000000000000e+03 3.666000000000000000e+03 1.261185907809457873e+01 -9.893950950572119041e+00 3.465239775082592288e+00 5.515407791729135312e+00 4.149907209991868934e-03 4.125102127864462176e+00 2.650859419530964267e+00 2.564404771728682420e+00 4.310828922220578008e+00 1.679919881512477176e-01 1.228829363391596985e-01 1.042725625995209876e-01 1.624947127669243430e-01
3.666000000000000000e+03 3.711000000000000000e+03 1.222964845812167880e+02 -1.095336864133419397e+01 3.131186877876744656e+00 5.693983619756627590e+00 1.059690785761385340e-01 4.062366213181167751e-01 4.522947978695750493e-01 7.220419594074547476e-01 9.030795519626271251e-01 3.294153554972378828e-02 3.193918409805185377e-02 2.097598145273665837e-02 2.093470860645994802e-02
3.711000000000000000e+03 3.768000000000000000e+03 1.367657039829356904e+02 -1.009346491402892099e+01 2.918725941615871733e+00 5.666142792741091228e+00 9.901199033399225857e-02 3.515737608713909168e-01 3.745929668452632200e-01 5.797480049090761867e-01 7.065858133248568151e-01 2.987186844185174550e-02 2.781084941621614348e-02 2.512023317310436987e-02 2.478729411753842482e-02
3.768000000000000000e+03 3.849000000000000000e+03 8.370723063121556606e+02 -1.099319231047430812e+01 2.959530791807632344e+00 5.665237714852546347e+00 8.151351697775037486e-02 1.527336092655300348e-01 1.587836317194462055e-01 3.032953913978864158e-01 3.535073055137738507e-01 1.221063601586980241e-02 1.205488058947956631e-02 7.987852246542900825e-03 8.063079655738117357e-03
3.849000000000000000e+03 3.905000000000000000e+03 4.118022397847411042e+01 -1.081519659317685189e+01 3.313700378910100497e+00 5.734234978643561575e+00 1.506097294371612494e-01 4.583315793675204475e-01 5.076267649685597405e-01 9.818152795125216770e-01 1.375331267622303066e+00 4.046933949268893826e-02 4.042498831559626637e-02 2.326271845633867685e-02 2.338732172438873214e-02
3.905000000000000000e+03 4.007000000000000000e+03 2.250611220972027482e+00 -1.300279048311601926e+01 5.979237360777525545e+00 5.801558216009281566e+00 7.773688364497817471e-02 2.934005115654542806e+00 3.161245884641601833e+00 3.131167372739140919e+00 2.738312994860653937e+00 8.296869180535004773e-02 5.358777624251676031e-02 6.481857699480539359e-02 3.646552226340178671e-02
4.007000000000000000e+03 4.035000000000000000e+03 5.552041151635039284e+01 -1.097298300886336975e+01 2.532906041029605149e+00 5.775799828353229692e+00 1.381490669134824781e-02 5.104932894715865643e-01 5.484789599036297147e-01 8.058894561323912686e-01 1.190944982626791493e+00 4.541656381601111292e-02 4.518317846362940315e-02 2.131196160530947695e-02 2.165502840024611728e-02
4.035000000000000000e+03 4.060000000000000000e+03 5.279640772021118664e+02 -1.104861819605467943e+01 3.367051743653990847e+00 5.706053025690870584e+00 3.465726045263577138e-02 1.281280941762776848e-01 1.331032894499699637e-01 3.641193390962333964e-01 4.647226326158522269e-01 1.008859984588816872e-02 1.023436511981756780e-02 6.783274553761486914e-03 6.688276812168332530e-03
4.060000000000000000e+03 4.093000000000000000e+03 7.073825407207131377e+01 -1.083536075396232334e+01 3.745752049638204184e+00 5.698478472734787914e+00 -5.869387252348468031e-02 4.181561970887841539e-01 4.566151069330857126e-01 9.569093053114392511e-01 1.340173691896564101e+00 3.277236393010074522e-02 3.120404656486552852e-02 2.364242103516529803e-02 2.419674472755112271e-02
4.093000000000000000e+03 4.206000000000000000e+03 7.958430389253875319e+02 -1.061264580553217485e+01 3.049438341881643311e+00 5.724029687528703114e+00 -4.338848253339849803e-02 1.149438313173654080e-01 1.175577931674123278e-01 3.362274451120548235e-01 4.378516182483043195e-01 1.037183827532750513e-02 1.061673470983581780e-02 7.304174984055639142e-03 7.258345367149733607e-03
4.206000000000000000e+03 4.226000000000000000e+03 3.869032734200036430e+02 -1.087050003595934200e+01 3.317645484378529019e+00 5.718097523362947854e+00 -3.436162384936609915e-02 1.739524478431899723e-01 1.851219956849075032e-01 4.157265620310401921e-01 5.485205292351738038e-01 1.110435767579964761e-02 1.129027044595698470e-02 9.970578768742695275e-03 9.935922020368866125e-03
4.226000000000000000e+03 4.238000000000000000e+03 4.677657224127093514e+02 -1.114522535722397301e+01 3.293363916629070687e+00 5.712577985331592778e+00 -8.752164646671886650e-02 1.677621238337927423e-01 1.727741963379578749e-01 3.453674632618355389e-01 4.040064141163708378e-01 1.130944431507341363e-02 1.039176167081823365e-02 8.334691118227169349e-03 8.295575120931791835e-03
4.238000000000000000e+03 4.525000000000000000e+03 2.552142609943117577e+02 -1.059178082003407795e+01 2.326378059608960491e+00 5.726098191851137997e+00 -4.824159878943852509e-02 2.153358220050947125e-01 2.326877460797014407e-01 3.738490778928063030e-01 4.383156159499992377e-01 2.459264325597754208e-02 2.387989077368324331e-02 1.341746416994561708e-02 1.336077078177418109e-02
4.525000000000000000e+03 4.786000000000000000e+03 1.636949543338706690e+02 -1.047328084702676421e+01 3.248190804057710324e+00 5.702700138858937784e+00 -9.270905225888761980e-02 2.913713834628612886e-01 3.178894898364070798e-01 7.841262686582601837e-01 1.222242836923907561e+00 2.855568670825281430e-02 2.735345184375503891e-02 2.122019356676003998e-02 2.087613724636772083e-02
4.786000000000000000e+03 4.827000000000000000e+03 1.273005533738044619e+02 -9.944836959899561180e+00 2.318639016999561875e+00 5.712092186531282145e+00 3.992106899821341176e-03 2.216344729147081694e-01 2.356473201917896887e-01 3.894722241188530720e-01 4.893365832763003631e-01 2.293959195503170179e-02 2.265904953493436125e-02 1.688476562505186740e-02 1.705358834985012603e-02
4.827000000000000000e+03 4.905000000000000000e+03 7.732537831716385881e+02 -1.070117688051423599e+01 2.431587514087560908e+00 5.727278720717640326e+00 2.938301694472731165e-02 1.310803882248130492e-01 1.355510857343951159e-01 2.898897959753261588e-01 3.578416494602323361e-01 1.469526516990526943e-02 1.432525837479214914e-02 8.075265090520925698e-03 8.039590166411914735e-03
4.905000000000000000e+03 4.921000000000000000e+03 3.148859431978881958e+02 -1.105835887458720990e+01 3.220167338433210791e+00 5.704813231500316384e+00 5.213332684604389533e-02 2.394486480828259545e-01 2.538414761985787749e-01 4.667743610523005238e-01 5.588490836813444496e-01 1.879759751083387442e-02 1.846416263067940378e-02 1.256547803445756673e-02 1.235540482887312330e-02
4.921000000000000000e+03 4.924000000000000000e+03 5.522638931191009988e+02 -1.106819988888693196e+01 3.000615200685983197e+00 5.767261281666099748e+00 6.417135527669975970e-02 1.641070723014355082e-01 1.709835755485489273e-01 3.934992136567299070e-01 5.108930999028276077e-01 1.418857295175524058e-02 1.405596570658040889e-02 8.820904229148759934e-03 8.731147360644439526e-03
