1.442472055143584384e+03
1.456013721810246352e+03
1.459138721810244988e+03
1.459347055143578473e+03
1.468722055143574835e+03
1.476638721810238621e+03
1.476847055143572106e+03
1.486013721810235438e+03
1.486222055143568468e+03
1.486430388476901953e+03
1.486638721810234983e+03
1.492472055143566195e+03
1.498305388476897406e+03
1.508722055143560283e+03
2.177472055143316993e+03
2.193930388476644566e+03
2.202680388476641383e+03
2.211013721809971685e+03
2.211222055143305170e+03
2.221222055143301532e+03
2.221430388476634562e+03
2.222055388476634562e+03
2.232472055143296984e+03
2.235597055143296075e+03
2.235805388476629105e+03
2.239347055143294710e+03
