544.40 -79 34
780.71 -57 56
799.71 -68 41
829.66 -201 40
851.32 -148 44
913.54 -91 48
1131.79 6 40
1170.70 4 57
1519.79 31 47
1566.70 145 33
1597.62 76 38
2569.81 126 45
2583.38 115 38
2685.70 30 56
2694.56 102 43
2707.08 189 44
2985.24 -6 36
3344.74 -154 59
3668.00 111 40
3712.63 127 27
3770.45 78 16
3849.51 151 40
4007.84 3 35
4037.19 38 7
4064.77 -65 33
4094.64 -32 7
4207.68 -34 10
4233.60 -72 12
4525.58 -87 18
4787.42 -2 9
4828.73 32 5
4907.33 56 15
4922.58 69 8