Time Offset Inc- Inc +
5.444022638109755690e+02 -7.931623179013736546e+01 1.510861241639940999e+01
7.807150648285714851e+02 -6.238111619381025008e+01 1.828673556553338386e+01
7.997134983384614770e+02 -6.809382028190898950e+01 1.856633342497060823e+01
8.296662701111110891e+02 -2.003282327583240772e+02 2.497002380395639420e+01
8.513270640846153583e+02 -1.332825808347848238e+02 2.308608269590423845e+01
9.135408063114754214e+02 -8.457380556372424962e+01 1.473700198833552122e+01
1.131798624574073983e+03 3.432377327898784802e+00 2.764187132003377556e+01
1.170702038527272862e+03 1.805088148792250635e+01 2.319816082477208496e+01
1.519796658049999905e+03 3.675336406631028296e+01 2.406964765596718792e+01
1.566704102312977056e+03 1.493249273128261621e+02 1.602790806355696418e+01
1.597626749333333009e+03 8.137157146015708520e+01 1.745909677312700126e+01
2.569811449440000160e+03 1.304189401875987926e+02 4.214252022346494186e+01
2.583385586343750219e+03 9.219444766463801955e+01 2.335028992151985960e+01
2.685703657209302492e+03 2.550539369518803667e+01 2.487977280587478290e+01
2.694567469725000137e+03 9.895774874481048755e+01 2.021186135533559991e+01
2.707084520679999969e+03 1.992905057150310881e+02 2.655770276978813627e+01
2.985244662042373420e+03 -1.272044094108695411e+01 2.039364969503262870e+01
3.344747031819999847e+03 -1.599282791326344864e+02 3.997451032831605744e+01
3.668006737484848145e+03 1.059479199870286266e+02 2.094861363818185396e+01
3.712823107636363602e+03 137.71781008826787 16.687710521365318
3.770412367900671143e+03 8.144755862123541590e+01 7.995404705476104823e+00
3.849515362199999799e+03 1.507570022472688152e+02 2.315607620557639734e+01
4.007848039418604458e+03 1.375439782812651401e+01 2.169845488505946207e+01
4.037175194314233522e+03 3.457234108067322609e+01 6.714843246936091248e+00
4.064771416935483103e+03 -5.831244509859696024e+01 2.370153018262060840e+01
4.094673875320496791e+03 -4.345890264352109966e+01 7.314646723529108385e+00
4.207678283434447621e+03 -3.435255791594360630e+01 9.993584798592294760e+00
4.233632183321749835e+03 -7.213697442283691430e+01 7.347400054175636797e+00
4.525590767443181903e+03 -9.295022219607650982e+01 2.120004061904184312e+01
4.787425014999999803e+03 4.098080012846787135e+00 1.721198841378880218e+01
4.828741761941258119e+03 2.946460470775182472e+01 8.102908369455104065e+00
4.907344642630719136e+03 5.227078500564408614e+01 1.250098239156799451e+01
4.922598026258911887e+03 6.422374873676083951e+01 8.807820259186215139e+00
