# Time Residus
1.438067888476919507e+03 5.181146312970163273e-07
1.438217888476919597e+03 5.573778193620112492e-07
1.438367888476919688e+03 -3.295898832302692694e-07
1.438517888476919779e+03 3.366006447725601065e-07
1.438667888476919870e+03 -5.612747724401431961e-07
1.438817888476919961e+03 3.060594612891020652e-07
1.438967888476920052e+03 -5.335810217051202419e-07
1.439117888476920143e+03 3.652501685814369710e-07
1.439267888476920234e+03 -2.582298494377307833e-07
1.439417888476920325e+03 6.772170773338425876e-08
1.439567888476920416e+03 -3.819704101739431690e-07
1.439717888476920507e+03 5.749068645732468952e-08
1.439867888476920598e+03 -3.283728434979018065e-07
1.440017888476920689e+03 6.484131894345256733e-07
1.440167888476920780e+03 -1.457049860497393882e-08
1.440317888476920871e+03 8.059137034059586791e-08
1.440467888476920962e+03 2.116309297549044341e-07
1.440617888476921053e+03 3.828218804643087067e-07
1.440767888476921144e+03 8.312040903511062129e-08
1.440917888476921235e+03 2.586373154790912512e-07
1.441067888476921325e+03 5.207861212574993967e-07
1.441217888476921416e+03 -3.066137951559769079e-09
1.441367888476921507e+03 -4.179146631944486310e-07
1.441517888476921598e+03 9.321003630815103860e-07
1.441667888476921689e+03 -4.517461791869373407e-08
1.441817888476921780e+03 1.341142452772182874e-07
1.441967888476921871e+03 1.419292931638239713e-08
1.442117888476921962e+03 3.874508600425568292e-07
1.442267888476922053e+03 -1.882787718612935455e-07
1.442417888476922144e+03 -5.137118373229650920e-07
1.442567888476922235e+03 -4.490138398717381700e-07
1.442717888476922326e+03 -1.852733450238533228e-07
1.442867888476922417e+03 3.441690842361829645e-07
1.443017888476922508e+03 -6.520034234787415306e-07
1.443167888476922599e+03 3.689536968535615119e-08
1.443317888476922690e+03 -2.278947149171440994e-07
1.443467888476922781e+03 -3.261228947798250261e-08
1.443617888476922872e+03 -1.914064231741304518e-07
1.443767888476922963e+03 -4.236766497644216782e-07
1.443917888476923054e+03 1.158152188061610318e-07
1.444067888476923144e+03 8.519272432511216154e-08
1.444217888476923235e+03 1.477220167629740686e-07
1.444367888476923326e+03 -4.609123506080945520e-07
1.444517888476923417e+03 6.312569388507623929e-07
1.444667888476923508e+03 6.129058605600603992e-08
1.444817888476923599e+03 -3.342222534234666620e-07
1.444967888476923690e+03 4.831117819629975197e-07
1.445117888476923781e+03 8.552206869021032754e-08
1.445267888476923872e+03 3.113064724654709287e-07
1.445417888476923963e+03 -6.290196188301560220e-08
1.445567888476924054e+03 1.785451983688163352e-08
1.445717888476924145e+03 -3.891130752896886485e-08
1.445867888476924236e+03 6.998447326697118788e-08
1.446017888476924327e+03 -1.787919495685361151e-07
1.446167888476924418e+03 -4.782269583525755762e-08
1.446317888476924509e+03 -1.676354780431208513e-07
1.446467888476924600e+03 -1.294875333017424126e-07
1.446617888476924691e+03 4.966408444063831246e-08
1.446767888476924782e+03 -1.415703466318614068e-07
1.446917888476924873e+03 2.194091320244177681e-07
1.447067888476924963e+03 4.234882222455804987e-08
1.447217888476925054e+03 -1.823123388994057688e-07
1.447367888476925145e+03 2.513259708043420173e-07
1.447517888476925236e+03 -3.928854131947019346e-08
1.447667888476925327e+03 -1.313398608204785489e-07
1.447817888476925418e+03 -4.786295393838441639e-07
1.447967888476925509e+03 1.158950146037026303e-08
1.448117888476925600e+03 -1.068891116677521415e-07
1.448267888476925691e+03 6.781230010032568090e-08
1.448417888476925782e+03 -3.477234788584337557e-07
1.448567888476925873e+03 4.787681044928195409e-07
1.448717888476925964e+03 -4.589869147962764946e-07
1.448867888476926055e+03 -1.268335001675319422e-07
1.449017888476926146e+03 -1.402380549844864352e-07
1.449167888476926237e+03 -6.055934980955493085e-08
1.449317888476926328e+03 4.388166069772362890e-07
1.449467888476926419e+03 1.372538308039603274e-07
1.449617888476926510e+03 2.342041347185790843e-07
1.449767888476926601e+03 5.222258118812531675e-07
1.449917888476926692e+03 -1.080664990518423140e-07
1.450067888476926782e+03 8.614690934906396420e-07
1.450217888476926873e+03 1.499382302832548217e-07
1.451567888476927692e+03 1.077650925727163212e-06
1.451717888476927783e+03 9.519785023070225476e-07
1.451867888476927874e+03 -3.755270850731079850e-07
1.452017888476927965e+03 -2.431132563647571265e-07
1.452167888476928056e+03 -1.589061459947613466e-07
1.452317888476928147e+03 1.926414845010026702e-07
1.452467888476928238e+03 -1.150760832396229747e-07
1.452617888476928329e+03 -2.184696422873826835e-07
1.452767888476928420e+03 -2.185647716321134662e-07
1.452917888476928510e+03 2.374555273058446552e-07
1.453067888476928601e+03 -4.124727549412074183e-07
1.453217888476928692e+03 4.788532135443132037e-07
1.453367888476928783e+03 -4.067190703774362465e-08
1.453517888476928874e+03 -9.214388355208261203e-09
1.453667888476928965e+03 1.923200027544293480e-07
1.453817888476929056e+03 3.200980502779290542e-08
1.453967888476929147e+03 -1.844051607257378960e-07
1.454117888476929238e+03 2.518701934404341602e-07
1.454267888476929329e+03 -2.847350743517829130e-07
1.454417888476929420e+03 3.535626294062890991e-07
1.454567888476929511e+03 -2.237771355808252548e-07
1.454717888476929602e+03 4.646877509800545530e-07
1.454867888476929693e+03 1.583708452568688849e-07
1.455017888476929784e+03 -1.641732279447741384e-06
1.455167888476929875e+03 7.034431940936105842e-07
1.455317888476929966e+03 4.712186905315635923e-07
1.455467888476930057e+03 -3.256983055168996099e-08
1.455617888476930148e+03 -3.730561784137870158e-07
1.455767888476930239e+03 -5.659685770711244083e-07
1.455917888476930329e+03 -3.476262736731746998e-07
1.456067888476930420e+03 -4.797991357593552770e-07
1.456217888476930511e+03 -2.636072904507838728e-07
1.456367888476930602e+03 4.539745313383961274e-07
1.456517888476930693e+03 -4.104706365524344380e-07
1.456667888476930784e+03 6.324530832554806371e-07
1.456817888476930875e+03 2.454838113670527866e-07
1.456967888476930966e+03 1.537805026333674958e-07
1.457117888476931057e+03 -1.217364575976263086e-07
1.457267888476931148e+03 -1.744698864074660827e-07
1.457417888476931239e+03 7.393868828103682766e-08
1.457567888476931330e+03 -1.499143890896413213e-07
1.457717888476931421e+03 -1.645039397983553855e-07
1.457867888476931512e+03 5.941199265202124034e-07
1.458017888476931603e+03 -2.660729682865578298e-07
1.458167888476931694e+03 3.723735506415775407e-07
1.458317888476931785e+03 5.256357459056989363e-07
1.458467888476931876e+03 5.759325184087718252e-07
1.458617888476931967e+03 1.142753859770148542e-07
1.458767888476932058e+03 5.862467214323297081e-07
1.458917888476932148e+03 -1.166791295597951812e-07
1.459067888476932239e+03 -1.226369961719957471e-06
1.459217888476932330e+03 -1.125557943621313997e-06
1.459367888476932421e+03 -4.841823318822867997e-07
1.459517888476932512e+03 -4.738717287476344406e-07
1.459667888476932603e+03 7.642969169332327021e-07
1.459817888476932694e+03 -1.792632371454015447e-08
1.459967888476932785e+03 -3.485305014851427021e-07
1.460117888476932876e+03 5.668749224937060776e-07
1.460267888476932967e+03 -1.882969526227166461e-07
1.460417888476933058e+03 3.194733681282996334e-07
1.460567888476933149e+03 1.957814344208853352e-07
1.460717888476933240e+03 -1.085322745975470391e-07
1.460867888476933331e+03 4.304891537173546351e-08
1.461017888476933422e+03 -2.099480858269103154e-07
1.461167888476933513e+03 4.109152245042786986e-07
1.461317888476933604e+03 2.006152966825290260e-07
1.461467888476933695e+03 -1.191746560078341445e-07
1.461617888476933786e+03 6.638214126534573690e-08
1.461767888476933877e+03 5.728046393789128175e-07
1.461917888476933967e+03 -9.170457185323252682e-07
1.462067888476934058e+03 5.707234400857634649e-07
1.462217888476934149e+03 3.528429537744434876e-07
1.462367888476934240e+03 8.540648842263136454e-08
1.462517888476934331e+03 4.496913160384680092e-07
1.462667888476934422e+03 -2.288704783275445942e-07
1.462817888476934513e+03 2.779099044513410502e-08
1.462967888476934604e+03 -2.294112583049271741e-07
1.463117888476934695e+03 4.889738624363008980e-07
1.463267888476934786e+03 -8.777732388700034196e-07
1.463417888476934877e+03 6.429085601605205210e-07
1.463567888476934968e+03 -6.952448873001587409e-07
1.463717888476935059e+03 3.470811545638577220e-07
1.463867888476935150e+03 9.214668785223841538e-08
1.468217888476937787e+03 -8.571221006281604105e-07
1.468367888476937878e+03 6.727370187257187278e-07
1.468517888476937969e+03 -6.556644505826434499e-08
1.468667888476938060e+03 -3.007149975142731080e-07
1.468817888476938151e+03 -8.937103814098277653e-08
1.468967888476938242e+03 -8.387909648796724735e-07
1.469117888476938333e+03 1.737585967825299635e-07
1.469267888476938424e+03 -2.306619219002478276e-07
1.469417888476938515e+03 6.312894348432847158e-07
1.469567888476938606e+03 -9.831900446874739419e-08
1.469717888476938697e+03 -1.507989257015168081e-07
1.469867888476938788e+03 1.610683745329528163e-07
1.470017888476938879e+03 6.014701031891661227e-07
1.470167888476938970e+03 -6.186873545370401440e-08
1.470317888476939061e+03 5.775674314049087492e-07
1.470467888476939152e+03 3.790531370368916666e-07
1.470617888476939243e+03 -5.463468279556895889e-07
1.470767888476939333e+03 5.300311130654425095e-07
1.470917888476939424e+03 -1.040887548992625696e-09
1.471067888476939515e+03 1.354789163786494872e-07
1.471217888476939606e+03 3.004209988195422878e-07
1.471367888476939697e+03 1.966720595927942658e-07
1.471517888476939788e+03 4.606105643477844499e-07
1.471667888476939879e+03 -1.771306744090368772e-07
1.471817888476939970e+03 7.648356556396324034e-08
1.471967888476940061e+03 5.285626069580646661e-07
1.472117888476940152e+03 6.729754905858865023e-08
1.472267888476940243e+03 -9.113958557602528277e-08
1.472417888476940334e+03 3.367286924407077931e-07
1.472567888476940425e+03 -2.038143785502525567e-07
1.472717888476940516e+03 -1.260966588727623383e-07
1.472867888476940607e+03 2.900043855809026607e-07
1.473017888476940698e+03 -1.742511736856643848e-08
1.473167888476940789e+03 -5.289172976479733120e-07
1.473317888476940880e+03 3.706989601701435777e-08
1.473467888476940971e+03 1.658995197020532251e-07
1.473617888476941062e+03 4.079501386751500780e-07
1.473767888476941152e+03 2.610670742395379742e-07
1.473917888476941243e+03 -5.323143061527110104e-08
1.474067888476941334e+03 8.147635972792448423e-08
1.474217888476941425e+03 4.419145393241018467e-09
1.474367888476941516e+03 2.816247533900919575e-07
1.474517888476941607e+03 2.074020828567323211e-07
1.474667888476941698e+03 -7.084397675452687890e-08
1.474817888476941789e+03 -4.650252508887332431e-08
1.474967888476941880e+03 -1.491760994670126547e-08
1.475117888476941971e+03 -7.325860860412424185e-08
1.475267888476942062e+03 -1.326280806116067443e-07
1.475417888476942153e+03 2.482534905937597962e-07
1.475567888476942244e+03 -4.869807137768082806e-07
1.475717888476942335e+03 -4.881472009737669113e-07
1.475867888476942426e+03 -1.833909686939412651e-07
1.476017888476942517e+03 1.967991338307577587e-08
1.476167888476942608e+03 -4.459140034060346296e-07
1.476317888476942699e+03 -2.074029248478182361e-07
1.476467888476942790e+03 -2.779960924309338215e-07
1.476617888476942881e+03 -1.202295642534674917e-06
1.476767888476942971e+03 -7.620518022341435672e-07
1.476917888476943062e+03 -1.093985173869802388e-06
1.477067888476943153e+03 2.257307002085827902e-06
1.478117888476943790e+03 3.275614364110032269e-07
1.478267888476943881e+03 9.362651913028088568e-07
1.478417888476943972e+03 4.344853576166712337e-07
1.478567888476944063e+03 -3.799972626339354277e-07
1.478717888476944154e+03 3.315722392092266335e-07
1.478867888476944245e+03 -1.858608394144377867e-07
1.479017888476944336e+03 1.267312103438013220e-07
1.479167888476944427e+03 -7.429208352106298792e-07
1.479317888476944518e+03 2.078722680098898934e-08
1.479467888476944609e+03 -2.333721663683997223e-07
1.479617888476944700e+03 -5.590924469202597838e-07
1.479767888476944790e+03 1.322455015557228533e-07
1.479917888476944881e+03 -2.122760905408103635e-07
1.480067888476944972e+03 -5.243593984232624746e-07
1.480217888476945063e+03 -1.142824587689554595e-07
1.480367888476945154e+03 -4.676357750137910170e-07
1.480517888476945245e+03 -2.638913900773239724e-07
1.480667888476945336e+03 4.641036395808878882e-07
1.480817888476945427e+03 5.794865330458846015e-07
1.480967888476945518e+03 2.015057549133427219e-07
1.481117888476945609e+03 -1.613558297160662755e-08
1.481267888476945700e+03 2.130502937622868734e-07
1.481417888476945791e+03 1.849115883159305005e-07
1.481567888476945882e+03 -2.114204488022784995e-08
1.481717888476945973e+03 -6.647910823683507629e-09
1.481867888476946064e+03 4.388305923682708237e-08
1.482017888476946155e+03 -5.431877226881855538e-07
1.482167888476946246e+03 9.799666298458429789e-07
1.482317888476946337e+03 1.356961817386734461e-07
1.482467888476946428e+03 -7.578204682194915642e-08
1.482617888476946518e+03 6.319074938135429686e-07
1.482767888476946609e+03 3.559193749950955033e-07
1.482917888476946700e+03 3.378023777295330272e-07
1.483067888476946791e+03 6.248967925244949245e-07
1.483217888476946882e+03 3.244650400682883258e-07
1.483367888476946973e+03 1.208650381380923070e-06
1.483517888476947064e+03 7.991502974235709199e-07
1.483667888476947155e+03 5.227202595903668215e-07
1.483817888476947246e+03 1.669657847417925165e-06
1.483967888476947337e+03 6.970161378853871748e-07
1.484117888476947428e+03 5.892845829841492558e-07
1.484267888476947519e+03 8.703170794321923864e-07
1.484417888476947610e+03 6.381668896594076789e-07
1.484567888476947701e+03 1.941237298141173211e-07
1.484717888476947792e+03 8.740663961421730975e-07
1.484867888476947883e+03 1.010486732388809770e-06
1.485017888476947974e+03 1.062785391469172039e-06
1.485167888476948065e+03 9.426294849679273113e-07
1.485317888476948156e+03 1.274261795676369179e-06
1.485467888476948247e+03 1.127667348085172710e-06
1.485617888476948337e+03 6.908311580556537352e-07
1.485767888476948428e+03 1.070603139282479793e-06
1.485917888476948519e+03 -1.358475980424485375e-06
1.486067888476948610e+03 -3.629266721957127335e-06
1.486217888476948701e+03 -4.372926134296225449e-06
1.486367888476948792e+03 -5.527101577889130581e-06
1.486517888476948883e+03 -4.259649597193193045e-06
1.486667888476948974e+03 -2.170713584942062809e-06
1.486817888476949065e+03 -1.480142543207895427e-06
1.486967888476949156e+03 -8.155311185048324604e-07
1.487117888476949247e+03 -6.556639917007398300e-07
1.487267888476949338e+03 2.273551029827900538e-07
1.487417888476949429e+03 -1.351574915155864187e-07
1.487567888476949520e+03 3.880786044883857871e-07
1.487717888476949611e+03 1.854798773552139017e-07
1.487867888476949702e+03 1.015309507568023804e-06
1.488017888476949793e+03 6.747300861385550572e-07
1.488167888476949884e+03 9.523196350237473559e-07
1.488317888476949975e+03 3.559565826939516025e-07
1.488467888476950066e+03 -9.115769072303652387e-08
1.488617888476950156e+03 -1.078147734896368581e-07
1.488767888476950247e+03 2.924511095350026335e-07
1.488917888476950338e+03 1.836810624413189377e-07
1.489067888476950429e+03 1.184440885008295647e-06
1.489217888476950520e+03 3.049474875157539450e-07
1.489367888476950611e+03 5.838615425682416581e-07
1.489517888476950702e+03 3.735601025528295698e-07
1.489667888476950793e+03 9.242724329546799673e-07
1.489817888476950884e+03 1.443076645982919354e-06
1.489967888476950975e+03 1.838116053069308868e-07
1.490117888476951066e+03 1.129600098200474709e-05
1.491617888476951975e+03 -1.050276004667297362e-07
1.491767888476952066e+03 -2.518073216339077573e-07
1.491917888476952157e+03 -1.563308356172593345e-07
1.492067888476952248e+03 -5.601280981218884608e-08
1.492217888476952339e+03 7.733729553776951625e-08
1.492367888476952430e+03 4.369666461075579617e-08
1.492517888476952521e+03 -7.136823411639463411e-07
1.492667888476952612e+03 2.911208685209533744e-07
1.492817888476952703e+03 7.091025125940644634e-07
1.492967888476952794e+03 -1.550959686578516236e-06
1.493117888476952885e+03 2.966909133084994596e-08
1.493267888476952976e+03 -5.159766439697152842e-07
1.493417888476953067e+03 -3.470431506798672969e-07
1.493567888476953158e+03 -1.152502294216656933e-07
1.493717888476953249e+03 8.034581931676938681e-08
1.493867888476953340e+03 4.708615414311462293e-07
1.494017888476953431e+03 -2.412182881011765062e-08
1.494167888476953522e+03 2.669446815056558724e-07
1.494317888476953613e+03 -1.110086375702526482e-08
1.494467888476953704e+03 2.123443794318132512e-07
1.494617888476953794e+03 1.319334910457017705e-07
1.494767888476953885e+03 -9.430834739276861509e-07
1.494917888476953976e+03 5.658547739601566366e-07
1.495067888476954067e+03 3.891760014549959177e-07
1.495217888476954158e+03 1.721416247807622473e-07
1.495367888476954249e+03 -5.352842992889106465e-07
1.495517888476954340e+03 6.081459459330009256e-07
1.495667888476954431e+03 2.138286235894334568e-07
1.495817888476954522e+03 4.281630865410335218e-07
1.495967888476954613e+03 -4.038034394935905933e-07
1.496117888476954704e+03 4.710763035466449313e-07
1.496267888476954795e+03 -3.206589063185514785e-07
1.496417888476954886e+03 2.467802744109691941e-07
1.496567888476954977e+03 6.339660483543639255e-07
1.496717888476955068e+03 -4.343781720921807317e-07
1.496867888476955159e+03 4.318632689517639125e-07
1.497017888476955250e+03 3.483241309379484324e-08
1.497167888476955341e+03 -6.297822592644992800e-07
1.497317888476955432e+03 -4.848997596455743997e-08
1.497467888476955522e+03 -2.952448610048795912e-07
1.497617888476955613e+03 -1.013089023032069968e-07
1.497767888476955704e+03 9.944364587035872216e-08
1.497917888476955795e+03 -2.835896705892968961e-07
1.498067888476955886e+03 -2.748831231555756895e-07
1.498217888476955977e+03 -4.396083188759511189e-07
1.498367888476956068e+03 -3.864475471786970769e-07
1.498517888476956159e+03 -3.468704073088195594e-07
1.498667888476956250e+03 -3.849626013837689093e-07
1.498817888476956341e+03 -1.638337118696435326e-07
1.498967888476956432e+03 1.009638409091398567e-07
1.499117888476956523e+03 4.317945943186516433e-08
1.499267888476956614e+03 2.648897092731532377e-07
1.499417888476956705e+03 -3.028868969317882659e-08
1.499567888476956796e+03 5.397763859761029766e-07
1.499717888476956887e+03 -3.833309397734181578e-07
1.499867888476956978e+03 6.135525724735055499e-07
1.500017888476957069e+03 -1.015843820173500944e-08
1.500167888476957160e+03 4.446046678257481073e-07
1.500317888476957251e+03 6.784621455120294585e-07
1.500467888476957341e+03 9.080559515942623771e-08
1.500617888476957432e+03 -7.921338124019763438e-08
1.500767888476957523e+03 2.162111726867466972e-07
1.500917888476957614e+03 -5.414359117819725053e-07
1.501067888476957705e+03 4.342408927564391298e-07
1.501217888476957796e+03 2.048410076231581092e-08
1.501367888476957887e+03 -2.835122234211850083e-07
1.501517888476957978e+03 -9.000977012495346273e-08
1.501667888476958069e+03 -1.022554446364034818e-07
1.501817888476958160e+03 -1.363402675830033057e-07
1.501967888476958251e+03 1.108661236991780601e-08
1.502117888476958342e+03 2.600350011253241518e-07
1.502267888476958433e+03 -1.340761844675702814e-07
1.502417888476958524e+03 -5.026298665529090002e-07
1.502567888476958615e+03 4.780354069225081579e-07
1.502717888476958706e+03 1.726860051353428685e-08
1.502867888476958797e+03 1.676266404550521063e-07
1.503017888476958888e+03 -6.651937774662302067e-07
1.504667888476959888e+03 -1.163087512967564408e-06
1.504817888476959979e+03 -2.133850510784070351e-07
1.504967888476960070e+03 -4.451454561133556332e-08
1.505117888476960161e+03 6.209466615583438920e-08
1.505267888476960252e+03 1.714282623046761520e-07
1.505417888476960343e+03 5.394923495181690238e-08
1.505567888476960434e+03 3.496882055114085597e-08
1.505717888476960525e+03 1.460579422345947196e-07
1.505867888476960616e+03 1.191952092397900312e-07
1.506017888476960707e+03 -4.795918104316676533e-08
1.506167888476960798e+03 -4.675900973432972668e-07
1.506317888476960889e+03 1.385782551611826246e-07
1.506467888476960979e+03 3.076151126745895872e-07
1.506617888476961070e+03 -3.923060661305523216e-08
1.506767888476961161e+03 5.475517410879214792e-09
1.506917888476961252e+03 1.784487344208757292e-08
1.507067888476961343e+03 1.722370360799939046e-07
1.507217888476961434e+03 1.420976149585979156e-07
1.507367888476961525e+03 6.806716878502181069e-07
1.507517888476961616e+03 9.346705607599709413e-07
1.507667888476961707e+03 4.421037280258436027e-07
1.507817888476961798e+03 -6.155823294451302813e-08
1.507967888476961889e+03 -3.703390483475763242e-07
1.508117888476961980e+03 1.294409263704651296e-07
1.508267888476962071e+03 -4.036274096352054057e-07
1.508417888476962162e+03 -5.901186393862822080e-07
1.508567888476962253e+03 -1.084711403602654979e-06
1.508717888476962344e+03 5.166410185415333488e-07
1.508867888476962435e+03 -4.336820387436842181e-07
1.509017888476962526e+03 -8.932837606248325377e-07
1.509167888476962617e+03 2.690397470197338703e-07
1.509317888476962708e+03 -7.305292982885525851e-07
1.509467888476962798e+03 -5.408478535378973903e-07
1.509617888476962889e+03 3.115057393760562281e-07
1.509767888476962980e+03 1.924119933321360352e-07
1.509917888476963071e+03 -5.612796382783282149e-07
1.510067888476963162e+03 2.494815555562388178e-07
1.510217888476963253e+03 2.735693499480687328e-07
1.510367888476963344e+03 7.259652912171031200e-07
1.510517888476963435e+03 5.872376877084454234e-07
1.510667888476963526e+03 9.342721751628259534e-07
1.510817888476963617e+03 2.878970165834896626e-07
1.510967888476963708e+03 -1.395906791235354103e-07
1.511117888476963799e+03 2.210297299508489027e-08
1.511267888476963890e+03 -5.733295689992602070e-07
1.511417888476963981e+03 4.958713380752998416e-07
1.511567888476964072e+03 7.859661298541624796e-08
1.511717888476964163e+03 -3.834558241817882651e-07
1.511867888476964254e+03 -1.768485672163736815e-07
1.512017888476964345e+03 1.952907735370946933e-07
1.512167888476964436e+03 -4.328719019218595183e-07
1.512317888476964526e+03 -8.991670266915390153e-07
1.512467888476964617e+03 -2.931543126973692393e-08
1.512617888476964708e+03 -3.654560934080103247e-07
1.512767888476964799e+03 2.707150261460622431e-07
1.512917888476964890e+03 -1.445019833121894481e-07
1.513067888476964981e+03 3.084426988809441967e-07
1.513217888476965072e+03 4.964096299472817454e-07
1.513367888476965163e+03 3.545652577713948421e-07
1.513517888476965254e+03 5.483901345871564748e-07
1.513667888476965345e+03 3.219901720931241012e-07
1.513817888476965436e+03 5.176458708971781250e-07
1.513967888476965527e+03 3.709280933763794783e-07
1.514117888476965618e+03 -3.463350983218315667e-07
1.514267888476965709e+03 8.369789881795613526e-07
1.514417888476965800e+03 -6.952570435429743379e-07
1.514567888476965891e+03 -1.081892250560985412e-07
1.514717888476965982e+03 -4.963219220384447316e-08
1.514867888476966073e+03 -3.432017375940936135e-07
1.515017888476966164e+03 -1.097398779194137712e-07
1.515167888476966255e+03 3.026951977166444258e-07
1.515317888476966345e+03 7.826126320475557217e-07
1.515467888476966436e+03 -2.550964056914885649e-07
1.515617888476966527e+03 6.596812980713840046e-08
1.515767888476966618e+03 -4.297361282029826763e-07
1.515917888476966709e+03 -5.737778241544767218e-07
1.516067888476966800e+03 -2.195754974509966928e-07
2.174417888477366432e+03 2.033082457993158740e-07
2.174567888477366068e+03 2.695184934192534958e-07
2.174717888477366614e+03 -1.926644263839639466e-07
2.174867888477366250e+03 -3.631466300415800239e-07
2.175017888477366796e+03 -3.257431786961461023e-08
2.175167888477366432e+03 -5.828950708168472028e-07
2.175317888477366978e+03 -2.540773128474255995e-07
2.175467888477366614e+03 -2.914246101536220697e-07
2.175617888477367160e+03 -1.554011286998403700e-07
2.175767888477366796e+03 -3.155882849698238241e-07
2.175917888477367342e+03 -5.212690582214165094e-07
2.176067888477366978e+03 -1.910124922194017312e-07
2.176217888477367524e+03 6.583339489909769793e-08
2.176367888477367160e+03 1.494513824825312860e-07
2.176517888477367705e+03 -8.538564463688046794e-07
2.176667888477367342e+03 8.567478033826991900e-07
2.176817888477367887e+03 2.006053001799321302e-07
2.176967888477367524e+03 -1.899027704635561406e-08
2.177117888477368069e+03 6.046810827722128260e-07
2.177267888477367705e+03 -6.690894289215251085e-07
2.177417888477368251e+03 -1.105289335012541583e-06
2.177567888477367887e+03 -8.990016013051867922e-07
2.177717888477368433e+03 -2.132339101288569583e-07
2.177867888477368069e+03 -3.482057917620412883e-07
2.178017888477368615e+03 2.252868774958264601e-07
2.178167888477368251e+03 1.227257549597639179e-07
2.178317888477368797e+03 9.802845690537259543e-09
2.178467888477368433e+03 3.313511917007399198e-08
2.178617888477368979e+03 7.193667812153301599e-08
2.178767888477368615e+03 4.857450827903901791e-07
2.178917888477369161e+03 4.871641533921577850e-07
2.179067888477368797e+03 2.094282483544596118e-08
2.179217888477369343e+03 3.907522269127646659e-07
2.179367888477368979e+03 4.822509157338723673e-07
2.179517888477369524e+03 -1.076916370754600105e-07
2.179667888477369161e+03 -4.456407084093191157e-08
2.179817888477369706e+03 8.899443032711824210e-08
2.179967888477369343e+03 -2.674778516823887445e-07
2.180117888477369888e+03 1.553243254622023570e-07
2.180267888477369524e+03 -5.185552611927554967e-07
2.180417888477370070e+03 2.594727252502870840e-08
2.180567888477369706e+03 1.083797121194642258e-07
2.180717888477370252e+03 2.229625769999287006e-07
2.180867888477369888e+03 -4.763402557374486695e-08
2.181017888477370434e+03 1.563842074571287948e-07
2.181167888477370070e+03 3.872320372986813250e-07
2.181317888477370616e+03 -1.037072814959851620e-07
2.181467888477370252e+03 9.250657276510738293e-08
2.181617888477370798e+03 1.581207028449409557e-07
2.181767888477370434e+03 -3.308177755397041807e-09
2.181917888477370980e+03 -2.352260083444197105e-07
2.182067888477370616e+03 4.834181843428032339e-07
2.182217888477371162e+03 1.423974334537316288e-09
2.182367888477370798e+03 3.986375120536546295e-08
2.182517888477371343e+03 9.806460385500362406e-09
2.182667888477370980e+03 1.936520394072191644e-07
2.182817888477371525e+03 -3.406992877736854075e-08
2.182967888477371162e+03 -6.056810527966927857e-07
2.183117888477371707e+03 5.752086657056859140e-07
2.183267888477371343e+03 3.420601528979782096e-08
2.183417888477371889e+03 -1.744412944484188199e-07
2.183567888477371525e+03 1.809091051973309687e-07
2.183717888477372071e+03 -7.913020522062783347e-07
2.183867888477371707e+03 -7.027182160407113373e-07
2.184017888477372253e+03 -1.867318548285532631e-07
2.184167888477371889e+03 7.401636463188209474e-07
2.184317888477372435e+03 -9.772691271123132584e-07
2.184467888477372071e+03 -1.159255213921560430e-07
2.184617888477372617e+03 2.695933558020072845e-07
2.184767888477372253e+03 1.088915325316482526e-07
2.184917888477372799e+03 2.064381418330228310e-07
2.185067888477372435e+03 3.084922862861138717e-07
2.185217888477372981e+03 4.228710161778302332e-07
2.185367888477372617e+03 1.154857304683129419e-07
2.185517888477373162e+03 1.853156535293177991e-07
2.185667888477372799e+03 2.731977438708833335e-07
2.185817888477373344e+03 4.119177838749858531e-06
2.187167888477373708e+03 1.885442773329300180e-06
2.187317888477374254e+03 1.151909845019959659e-07
2.187467888477373890e+03 3.704121584139311701e-07
2.187617888477374436e+03 3.504003746694165913e-07
2.187767888477374072e+03 5.157614189590622820e-07
2.187917888477374618e+03 5.730937736951961838e-07
2.188067888477374254e+03 9.069018973593902831e-08
2.188217888477374800e+03 4.201027946780665307e-07
2.188367888477374436e+03 -1.472603057221748159e-07
2.188517888477374981e+03 -4.258409097907595413e-07
2.188667888477374618e+03 -5.385938911415420512e-07
2.188817888477375163e+03 -1.948263373757546997e-07
2.188967888477374800e+03 -3.721438652700322378e-07
2.189117888477375345e+03 -3.842736001460180728e-07
2.189267888477374981e+03 -4.159296342472831579e-07
2.189417888477375527e+03 -2.139138780102403700e-08
2.189567888477375163e+03 -1.237398867054223313e-07
2.189717888477375709e+03 -9.747240494163957151e-10
2.189867888477375345e+03 -6.308316772449971728e-07
2.190017888477375891e+03 -4.086866100086564386e-07
2.190167888477375527e+03 -7.033962600443710246e-08
2.190317888477376073e+03 -1.474784568510233247e-07
2.190467888477375709e+03 -1.159940322804765605e-08
2.190617888477376255e+03 -1.256536385640527178e-07
2.190767888477375891e+03 9.526039723192256238e-08
2.190917888477376437e+03 4.647518540835383378e-07
2.191067888477376073e+03 2.794363280098797264e-07
2.191217888477376619e+03 -7.080855814138535687e-08
2.191367888477376255e+03 -3.371930735154540591e-07
2.191517888477376800e+03 4.477831124381924472e-07
2.191667888477376437e+03 -1.755592297698945046e-07
2.191817888477376982e+03 -6.419331481634628691e-07
2.191967888477376619e+03 3.886128983959585886e-07
2.192117888477377164e+03 -8.132938609507190163e-08
2.192267888477376800e+03 3.762019612290962205e-07
2.192417888477377346e+03 1.721136642219968276e-07
2.192567888477376982e+03 1.338001314352852583e-06
2.192717888477377528e+03 -5.610671268891838324e-07
2.192867888477377164e+03 9.797464551412431410e-07
2.193017888477377710e+03 -5.603215496297876159e-07
2.193167888477377346e+03 -1.138943036950291936e-07
2.193317888477377892e+03 8.348319299950263862e-08
2.193467888477377528e+03 7.770914933307236916e-07
2.193617888477378074e+03 4.192752804573392509e-07
2.193767888477377710e+03 -1.078812277165318396e-07
2.193917888477378256e+03 -4.035878633995776350e-07
2.194067888477377892e+03 -7.003632736196024507e-07
2.194217888477378438e+03 -1.589181713990962281e-07
2.194367888477378074e+03 -1.740587862802750247e-07
2.194517888477378619e+03 9.949485650382914558e-08
2.194667888477378256e+03 6.113500492777857760e-07
2.194817888477378801e+03 -3.721870430554534140e-07
2.194967888477378438e+03 -2.006844345322952885e-07
2.195117888477378983e+03 -8.450031830529334331e-08
2.195267888477378619e+03 -3.971092658506326464e-07
2.195417888477379165e+03 3.351702497838909883e-07
2.195567888477378801e+03 -1.611329872277769502e-07
2.195717888477379347e+03 4.457183507052038384e-08
2.195867888477378983e+03 5.497601893259910239e-07
2.196017888477379529e+03 1.126849628525412561e-07
2.196167888477379165e+03 -5.665460088617786516e-08
2.196317888477379711e+03 -1.510352623678033841e-07
2.196467888477379347e+03 7.478113804417598169e-07
2.196617888477379893e+03 -1.842124807765815671e-07
2.196767888477379529e+03 3.651171982985043400e-07
2.196917888477380075e+03 -3.055045549840398698e-07
2.197067888477379711e+03 1.835514391251229969e-07
2.197217888477380257e+03 -2.277378696941206953e-08
2.197367888477379893e+03 -4.264198538727347580e-07
2.197517888477380438e+03 4.283734263884249613e-07
2.197667888477380075e+03 -1.074703723503423776e-07
2.197817888477380620e+03 1.581342186085521462e-07
2.197967888477380257e+03 4.523181532306780411e-08
2.198117888477380802e+03 -3.139533845675224200e-07
2.198267888477380438e+03 2.124473189446940844e-07
2.198417888477380984e+03 -4.675729804232759239e-07
2.198567888477380620e+03 2.393494759303196693e-07
2.198717888477381166e+03 -1.940353402242313190e-07
2.198867888477380802e+03 -4.553241138242851571e-07
2.199017888477381348e+03 4.499760695966495226e-07
2.199167888477380984e+03 -6.851230715203220223e-07
2.199317888477381530e+03 -1.759909366541270535e-07
2.199467888477381166e+03 -3.977785767388057759e-07
2.199617888477381712e+03 1.243191446608103807e-07
2.199767888477381348e+03 -9.850479449686261706e-07
2.199917888477381894e+03 2.225382405101143968e-08
2.200067888477381530e+03 -4.888158140811803405e-07
2.201717888477382985e+03 2.078541181631849599e-06
2.201867888477382621e+03 3.595587389308245166e-07
2.202017888477383167e+03 1.171001567173773690e-07
2.202167888477382803e+03 2.750161240035649554e-07
2.202317888477383349e+03 5.153077237418646206e-07
2.202467888477382985e+03 -1.529951031584873067e-07
2.202617888477383531e+03 -5.631581516355414046e-07
2.202767888477383167e+03 -7.771897444373997779e-07
2.202917888477383713e+03 -3.906166087191347480e-08
2.203067888477383349e+03 -1.212891298507656757e-08
2.203217888477383894e+03 3.461621064186575092e-07
2.203367888477383531e+03 2.553958252896574415e-07
2.203517888477384076e+03 2.701046981809404372e-07
2.203667888477383713e+03 3.558066681234821483e-07
2.203817888477384258e+03 -1.448750302470960625e-07
2.203967888477383894e+03 -2.331007553338062632e-08
2.204117888477384440e+03 -2.915004394625035347e-07
2.204267888477384076e+03 -3.768269973332456635e-07
2.204417888477384622e+03 -5.496850861728706856e-08
2.204567888477384258e+03 -1.002997559058967159e-06
2.204717888477384804e+03 -3.361670689512236944e-07
2.204867888477384440e+03 -5.232654060080863170e-07
2.205017888477384986e+03 3.422498269326871836e-07
2.205167888477384622e+03 -2.426472835910160310e-07
2.205317888477385168e+03 1.539199869309364510e-08
2.205467888477384804e+03 9.063028941316933195e-08
2.205617888477385350e+03 -9.712439376209482545e-08
2.205767888477384986e+03 -1.071619529841644794e-08
2.205917888477385532e+03 -3.302266413939557692e-07
2.206067888477385168e+03 -3.031545171304237893e-07
2.206217888477385713e+03 7.290574714768904840e-07
2.206367888477385350e+03 5.475046032593016342e-08
2.206517888477385895e+03 -5.918218134654191145e-07
2.206667888477385532e+03 2.464590771703537691e-07
2.206817888477386077e+03 3.435442962720194271e-07
2.206967888477385713e+03 -4.036164436169884584e-07
2.207117888477386259e+03 1.391611163351172384e-07
2.207267888477385895e+03 3.574744207302794381e-07
2.207417888477386441e+03 2.924769108014757535e-07
2.207567888477386077e+03 -4.920809681849166633e-08
2.207717888477386623e+03 3.068800736959597300e-08
2.207867888477386259e+03 -1.317504207213696936e-07
2.208017888477386805e+03 3.360212108457946339e-08
2.208167888477386441e+03 -8.796321564454292242e-08
2.208317888477386987e+03 5.053699123511888366e-07
2.208467888477386623e+03 -2.911725276773298310e-07
2.208617888477387169e+03 1.378733418965915738e-07
2.208767888477386805e+03 4.757430854849007042e-07
2.208917888477387351e+03 5.508905183024990811e-07
2.209067888477386987e+03 1.595913623835347772e-07
2.209217888477387532e+03 5.534160032861901931e-07
2.209367888477387169e+03 4.436422236612595485e-07
2.209517888477387714e+03 3.297422908898072462e-07
2.209667888477387351e+03 1.395146119876200950e-07
2.209817888477387896e+03 4.382004718847017805e-07
2.209967888477387532e+03 1.535292362378173447e-08
2.210117888477388078e+03 -4.066255024740109376e-07
2.210267888477387714e+03 4.100852971767999971e-07
2.210417888477388260e+03 -6.970236664701386108e-08
2.210567888477387896e+03 2.959172455017253855e-07
2.210717888477388442e+03 5.837464277955893329e-07
2.210867888477388078e+03 -6.732384980828115158e-07
2.211017888477388624e+03 -4.867807180099472166e-07
2.211167888477388260e+03 -1.013632749012975933e-06
2.211317888477388806e+03 -4.809326187879856187e-07
2.211467888477388442e+03 2.310164930813057633e-07
2.211617888477388988e+03 -2.910248211040199733e-07
2.211767888477388624e+03 4.895397360836238671e-08
2.211917888477389170e+03 -2.706513611242481581e-07
2.212067888477388806e+03 -7.487965401445464674e-07
2.212217888477389351e+03 1.923221215996520603e-07
2.212367888477388988e+03 3.321997119568557260e-07
2.212517888477389533e+03 -1.335741570695224949e-07
2.212667888477389170e+03 -2.624516642798954649e-08
2.212817888477389715e+03 1.343803334945219021e-07
2.212967888477389351e+03 2.266934310700562212e-07
2.213117888477389897e+03 7.385411182861092803e-07
2.213267888477389533e+03 3.948983099493290925e-07
2.213417888477390079e+03 -3.127813710740651127e-07
2.213567888477389715e+03 1.062768298396330237e-07
2.213717888477390261e+03 7.749222009295003329e-07
2.213867888477389897e+03 1.481777768953700204e-06
2.215367888477390807e+03 3.002470426209195249e-06
2.215517888477391352e+03 -3.233215126124338763e-07
2.215667888477390989e+03 8.003007047002124903e-07
2.215817888477391534e+03 1.838780309610027690e-07
2.215967888477391170e+03 8.072201638601820091e-09
2.216117888477391716e+03 1.523824696836729040e-07
2.216267888477391352e+03 -6.361345799504252362e-08
2.216417888477391898e+03 -5.723245911493501826e-07
2.216567888477391534e+03 -6.370287021300129239e-07
2.216717888477392080e+03 4.773142264255000206e-07
2.216867888477391716e+03 1.931230370529520564e-07
2.217017888477392262e+03 -3.069853813560581854e-07
2.217167888477391898e+03 1.836389977027952369e-07
2.217317888477392444e+03 -5.582987475054261717e-07
2.217467888477392080e+03 -3.721062323495898250e-07
2.217617888477392626e+03 1.898393237722397697e-07
2.217767888477392262e+03 -6.050761321131893968e-07
2.217917888477392808e+03 5.914297340347684895e-08
2.218067888477392444e+03 -5.151742344954589852e-07
2.218217888477392989e+03 2.628353038053926997e-07
2.218367888477392626e+03 -1.798563620927064943e-07
2.218517888477393171e+03 2.331828324638781795e-07
2.218667888477392808e+03 -1.230277537972240572e-08
2.218817888477393353e+03 2.179261957136325187e-07
2.218967888477392989e+03 2.799053177345074550e-07
2.219117888477393535e+03 4.704262091907255455e-08
2.219267888477393171e+03 8.142198267722276546e-07
2.219417888477393717e+03 1.921027524307314573e-07
2.219567888477393353e+03 7.264687216553863287e-07
2.219717888477393899e+03 9.024023575229697958e-07
2.219867888477393535e+03 1.404109574021783922e-07
2.220017888477394081e+03 7.386048100930818148e-07
2.220167888477393717e+03 9.986426890192842016e-07
2.220317888477394263e+03 9.821260920670236844e-07
2.220467888477393899e+03 9.081104231460172000e-07
2.220617888477394445e+03 1.817650352278868373e-07
2.220767888477394081e+03 1.473407890530799952e-06
2.220917888477394627e+03 2.756324886861089820e-07
2.221067888477394263e+03 -8.693300887609013080e-07
2.221217888477394808e+03 -1.645995985298058125e-06
2.221367888477394445e+03 -1.202932314136944967e-06
2.221517888477394990e+03 -1.201019315380607367e-06
2.221667888477394627e+03 -9.461622597885501254e-07
2.221817888477395172e+03 -6.181650040377657760e-07
2.221967888477394808e+03 -9.030839993030271602e-07
2.222117888477395354e+03 -1.253713972263440405e-06
2.222267888477394990e+03 -5.141522117548875763e-07
2.222417888477395536e+03 -4.415479487472771898e-07
2.222567888477395172e+03 3.360061472298022109e-07
2.222717888477395718e+03 8.391750386352417034e-08
2.222867888477395354e+03 -2.225241865463603130e-08
2.223017888477395900e+03 1.785230225942252342e-07
2.223167888477395536e+03 5.919502988945053578e-07
2.223317888477396082e+03 -1.042136042379488947e-08
2.223467888477395718e+03 1.315137077213452932e-07
2.223617888477396264e+03 -2.192369013769784234e-07
2.223767888477395900e+03 6.749460366018278534e-08
2.223917888477396446e+03 2.118523275829587313e-07
2.224067888477396082e+03 -7.996469575594284585e-08
2.224217888477396627e+03 -1.153597620710770945e-07
2.224367888477396264e+03 3.160252030630926994e-07
2.224517888477396809e+03 -4.757176850284712067e-08
2.224667888477396446e+03 2.468092730128429065e-07
2.224817888477396991e+03 3.283424837389563025e-07
2.224967888477396627e+03 -2.478867391815982599e-07
2.225117888477397173e+03 3.367418436722154038e-07
2.225267888477396809e+03 6.188467846830798668e-07
2.225417888477397355e+03 3.464764457407189151e-07
2.225567888477396991e+03 4.106945290752687221e-07
2.225717888477397537e+03 1.830462044705983589e-07
2.225867888477397173e+03 8.384771690058730904e-07
2.226017888477397719e+03 -6.641300347700031583e-07
2.226167888477397355e+03 6.992714775843355239e-07
2.226317888477397901e+03 -9.400000117176787739e-08
2.226467888477397537e+03 -5.752793570514670955e-07
2.226617888477398083e+03 6.698811189909937896e-09
2.226767888477397719e+03 -4.191432260343870850e-07
2.226917888477398265e+03 -7.342282209464333018e-07
2.227067888477397901e+03 9.550631307948449731e-07
2.227217888477398446e+03 -8.950466753865349290e-08
2.227367888477398083e+03 -3.331587874147959987e-07
2.227517888477398628e+03 7.058441477993145864e-08
2.229167888477399174e+03 4.517177137998050767e-07
2.229317888477399720e+03 1.377867994968019234e-07
2.229467888477399356e+03 -9.764228605801539119e-08
2.229617888477399902e+03 -3.231583568231433974e-07
2.229767888477399538e+03 1.848460132561449673e-07
2.229917888477400084e+03 -2.309925301704320799e-07
2.230067888477399720e+03 -3.901685184166176316e-07
2.230217888477400265e+03 6.614949672052637121e-07
2.230367888477399902e+03 -3.794365120939007108e-07
2.230517888477400447e+03 -1.727951676692933305e-07
2.230667888477400084e+03 2.611384230984577512e-07
2.230817888477400629e+03 -2.363584875453706311e-07
2.230967888477400265e+03 -1.360956660783145844e-07
2.231117888477400811e+03 -4.082291169693196955e-07
2.231267888477400447e+03 4.391967044019644848e-07
2.231417888477400993e+03 -3.457215540884443486e-07
2.231567888477400629e+03 3.124524110738787625e-08
2.231717888477401175e+03 1.212983939340932979e-07
2.231867888477400811e+03 3.110283900390434769e-08
2.232017888477401357e+03 -7.838928483488376763e-08
2.232167888477400993e+03 -1.741880873953574414e-07
2.232317888477401539e+03 1.940612506996426367e-07
2.232467888477401175e+03 -1.872985212121232002e-07
2.232617888477401721e+03 -5.705688827990413847e-08
2.232767888477401357e+03 1.614621932975889114e-07
2.232917888477401902e+03 -1.099232188256566094e-07
2.233067888477401539e+03 2.553839896913124172e-07
2.233217888477402084e+03 -3.110040082698061452e-07
2.233367888477401721e+03 1.223494767145762499e-07
2.233517888477402266e+03 8.712725321049332992e-09
2.233667888477401902e+03 2.410353020191283840e-07
2.233817888477402448e+03 1.605983792145686573e-08
2.233967888477402084e+03 -1.264798224333131453e-07
2.234117888477402630e+03 2.011988174122070205e-07
2.234267888477402266e+03 5.122892220165441683e-07
2.234417888477402812e+03 1.213705053085781655e-07
2.234567888477402448e+03 -3.054287221697320343e-08
2.234717888477402994e+03 1.098509377720861405e-07
2.234867888477402630e+03 -4.175193157983658743e-07
2.235017888477403176e+03 -1.490833888294917058e-07
2.235167888477402812e+03 -1.406507281064983252e-07
2.235317888477403358e+03 1.582941440528387564e-07
2.235467888477402994e+03 -3.574170749478358045e-07
2.235617888477403540e+03 -2.831769168454701267e-07
2.235767888477403176e+03 -4.316450526392006833e-07
2.235917888477403721e+03 -4.624495873482590777e-07
2.236067888477403358e+03 5.220298681601281054e-08
2.236217888477403903e+03 5.916448363123220901e-09
2.236367888477403540e+03 -3.657691711723410650e-07
2.236517888477404085e+03 3.237992418646816999e-07
2.236667888477403721e+03 -3.260554623940181265e-07
2.236817888477404267e+03 8.016605186879612644e-08
2.236967888477403903e+03 -4.695441929343975871e-07
2.237117888477404449e+03 2.498317622141505691e-07
2.237267888477404085e+03 -1.924137597607032344e-07
2.237417888477404631e+03 -5.412386953721029225e-07
2.237567888477404267e+03 -1.465985678735011476e-08
2.237717888477404813e+03 -3.996077052335643085e-07
2.237867888477404449e+03 -1.483610302686642566e-07
2.238017888477404995e+03 -2.204207096526647886e-07
2.238167888477404631e+03 2.528213861514501082e-08
2.238317888477405177e+03 -2.700948946494969993e-07
2.238467888477404813e+03 -4.792363068863416178e-07
2.238617888477405359e+03 -3.905567298641739468e-07
2.238767888477404995e+03 3.265563343079213281e-07
2.238917888477405540e+03 -2.867161526480481593e-07
2.239067888477405177e+03 -1.655377921220650144e-07
2.239217888477405722e+03 -4.301509761388215703e-07
2.239367888477405359e+03 -1.594049309864657153e-07
2.239517888477405904e+03 -1.079503052894117178e-08
2.239667888477405540e+03 -8.894745473251061876e-07
2.239817888477406086e+03 5.176613059989345026e-07
2.239967888477405722e+03 -2.914697513139791246e-07
2.240117888477406268e+03 3.636647846420819486e-07
2.240267888477405904e+03 -1.373061367783269442e-07
2.240417888477406450e+03 2.718059710329592624e-07
2.240567888477406086e+03 5.961058774773942623e-07
2.240717888477406632e+03 3.797647823176618029e-07
2.240867888477406268e+03 -1.256704299945892175e-07
2.242517888477407723e+03 2.673832635348992011e-06
2.242667888477407359e+03 -2.783722237936153317e-07
2.242817888477407905e+03 5.437993585186459890e-07
2.242967888477407541e+03 4.012446937638901407e-07
2.243117888477408087e+03 1.025699358500300626e-06
2.243267888477407723e+03 1.803953098978150913e-07
2.243417888477408269e+03 8.455564797103951990e-08
2.243567888477407905e+03 3.712729959057556508e-07
2.243717888477408451e+03 6.414948532846771699e-07
2.243867888477408087e+03 -4.564195426645142345e-08
2.244017888477408633e+03 -2.465691647339044992e-07
2.244167888477408269e+03 5.672038187701747951e-07
2.244317888477408815e+03 -6.400282009007737232e-07
2.244467888477408451e+03 -3.442292922414310635e-08
2.244617888477408997e+03 1.798343847478653581e-07
2.244767888477408633e+03 -8.589626633509689837e-07
2.244917888477409178e+03 3.133638144926632800e-07
2.245067888477408815e+03 -7.055124059633603873e-07
2.245217888477409360e+03 2.256591441762711980e-07
2.245367888477408997e+03 -1.068806104053009388e-06
2.245517888477409542e+03 -4.820073887904055265e-07
2.245667888477409178e+03 -2.365263840651030580e-08
2.245817888477409724e+03 -2.821223125711910135e-07
2.245967888477409360e+03 -9.710717435522735243e-07
2.246117888477409906e+03 3.479817240737693601e-08
2.246267888477409542e+03 -8.410636585592728495e-07
2.246417888477410088e+03 -3.683353422699752007e-07
2.246567888477409724e+03 -5.324549354613206011e-07
2.246717888477410270e+03 -5.629361129672256139e-07
2.246867888477409906e+03 -6.350872841560990656e-07
2.247017888477410452e+03 4.232709546531715876e-07
2.247167888477410088e+03 -2.808111732650115402e-08
2.247317888477410634e+03 -1.248428204160743784e-06
2.247467888477410270e+03 4.920504287636259103e-07
2.247617888477410816e+03 -1.010676167641196173e-07
2.247767888477410452e+03 7.162021997466501764e-07
2.247917888477410997e+03 4.830981938169570186e-07
2.248067888477410634e+03 1.350452946333977486e-07
2.248217888477411179e+03 -4.970698020864592071e-07
2.248367888477410816e+03 -1.506712204333458049e-07
2.248517888477411361e+03 2.681014183570218798e-07
2.248667888477410997e+03 -3.859937908704494919e-08
2.248817888477411543e+03 9.389178524069577302e-08
2.248967888477411179e+03 2.376692756078246496e-07
2.249117888477411725e+03 2.855186584187568175e-07
2.249267888477411361e+03 4.269207247822973357e-07
2.249417888477411907e+03 -1.151288241675031161e-07
2.249567888477411543e+03 3.881517369957393111e-07
2.249717888477412089e+03 -3.594063440275434595e-08
2.249867888477411725e+03 -4.705280838188005448e-07
2.250017888477412271e+03 5.147941957419057193e-07
2.250167888477411907e+03 -1.400994779560333019e-07
2.250317888477412453e+03 5.860140842542896894e-08
2.250467888477412089e+03 2.283308450630162885e-07
2.250617888477412635e+03 -3.469679533181553443e-07
2.250767888477412271e+03 -1.968048204239294319e-08
2.250917888477412816e+03 -1.120802467519933261e-06
2.251067888477412453e+03 3.352311969920766082e-07
2.251217888477412998e+03 -3.721773949984087575e-07
2.251367888477412635e+03 -6.798335093452203912e-07
2.251517888477413180e+03 5.821816969907866150e-07
2.251667888477412816e+03 -9.819779422957662316e-07
2.251817888477413362e+03 3.568558722390459342e-08
2.251967888477412998e+03 3.391260839369358848e-07
2.252117888477413544e+03 9.300526204355960847e-07
2.252267888477413180e+03 -6.299902864667094600e-07
2.252417888477413726e+03 7.282456614523370967e-07
2.252567888477413362e+03 -2.456428824258470254e-07
2.252717888477413908e+03 5.690880883993901911e-07
2.252867888477413544e+03 1.408062838496819282e-07
2.253017888477414090e+03 -5.257582465288303639e-07
2.253167888477413726e+03 3.658282159712266477e-09
2.253317888477414272e+03 1.385806521725785659e-06
2.253467888477413908e+03 -1.092531903902110124e-06
2.253617888477414454e+03 -1.397918677182607180e-08
2.253767888477414090e+03 3.060174647293155861e-07
2.253917888477414635e+03 2.424291543728185169e-07
2.254067888477414272e+03 2.157002085498974878e-07
