Borne_inf Borne_sup Likelihood log(S0) log(Q) log(w0) Offset Errors_inf S0,Q,w0,Offset Errors_sup S0,Q,w0,Offset
3.320000000000000000e+03 3.340000000000000000e+03 4.138989790175367744e+01 -8.715916241938041154e+00 1.193234134936326019e+00 5.509011255841788746e+00 -1.909221354257056302e-01 1.756040718607488671e+00 2.332113079369297459e+00 1.910195678404930320e+00 1.993669476594154499e+00 2.679113837110502772e-01 2.090895362113327494e-01 1.742303478722362908e-01 9.238454371485849137e-02
3.340000000000000000e+03 3.492000000000000000e+03 4.666730918413369267e+01 -1.117117359944328570e+01 3.721543652272078617e+00 5.790427203728467198e+00 -1.606158550002032004e-01 1.056253718812103060e+00 1.234585577703526837e+00 1.448578666256308711e+00 1.675630978477064659e+00 6.495667506872493391e-02 5.122378523696635710e-02 3.657502745772103769e-02 3.921388585999957543e-02
3.492000000000000000e+03 3.494000000000000000e+03 2.361119494038151245e+00 -1.082329451267663956e+01 5.047738270191477916e+00 5.462537077644620709e+00 7.972532552370116543e-02 3.631683584750053484e+00 3.858668281470798433e+00 3.761423636343499410e+00 3.389372369520004646e+00 3.242039018453901633e-01 4.506814713558746632e-01 6.910392560279429164e-01 3.491149730568381959e-01
3.494000000000000000e+03 3.666000000000000000e+03 3.844965839807711561e+00 -7.795361693905424438e+00 1.379764527169571542e+00 5.531657284339765113e+00 -4.267263418676198183e-03 3.364538368955041214e+00 2.801025974002087082e+00 2.183885020840407698e+00 3.594381515800608717e+00 2.755159804140054902e-01 2.393824112778784041e-01 2.029087432644529621e-01 3.559423065914748552e-01
3.666000000000000000e+03 3.668000000000000000e+03 4.054784003776173051e+01 -1.021772419344430993e+01 2.962492889949078112e+00 5.669935227416782908e+00 8.420989286856028766e-02 6.776890848186898353e-01 8.131820429767007141e-01 1.128072708204185037e+00 1.460862761031002321e+00 6.676724968227976120e-02 5.947469659243420637e-02 4.777963553988350681e-02 4.588286385042791848e-02
3.668000000000000000e+03 3.711000000000000000e+03 7.185247292574388212e+01 -1.132632254764589952e+01 3.257552679314688504e+00 5.714832225328422055e+00 1.162446630909514111e-01 5.354169030713382682e-01 6.069653097797118591e-01 9.613120510169288480e-01 1.358605308934556888e+00 4.326673671189240622e-02 4.001754710842497786e-02 2.300204480355141912e-02 2.369347110008535040e-02
3.711000000000000000e+03 3.712000000000000000e+03 4.279492280939984283e+01 -1.031655818056928631e+01 2.780613165266045073e+00 5.692052789831064885e+00 1.183693840208228237e-01 7.532978106325156631e-01 8.767432943418640434e-01 1.130266323526934347e+00 1.476726856154239265e+00 6.631697181064044599e-02 5.459773567207104605e-02 4.265206790298695094e-02 4.320011850919215635e-02
3.712000000000000000e+03 3.713000000000000000e+03 6.704193981582164952e+01 -1.243042009916887025e+01 5.216344553832332309e+00 5.718986415654519817e+00 1.517535033024354219e-01 6.435302367869883966e-01 6.818251370925327848e-01 1.171929294663772048e+00 1.459220322433259831e+00 1.659090195547729962e-02 1.689616566501417338e-02 1.524316635541161924e-02 1.543736015510488446e-02
3.713000000000000000e+03 3.768000000000000000e+03 3.462590174100221674e+01 -9.123026731527414057e+00 2.664903373388642471e+00 5.602288255877028611e+00 1.839204660119437423e-02 6.068312747825679310e-01 7.565348951788593013e-01 1.021266723692834333e+00 1.388427753294723566e+00 8.029373144275542273e-02 6.514712499193464623e-02 7.582191903775289954e-02 6.955056235259837738e-02
3.768000000000000000e+03 3.769000000000000000e+03 4.153612699144351836e+02 -1.100888130095843565e+01 3.339364812362732415e+00 5.678114882496972271e+00 7.739363762557457949e-02 2.214710007485702903e-01 2.336076465212499897e-01 6.233072456414538998e-01 1.032143876472946253e+00 1.668503047825531382e-02 1.632476941760785394e-02 1.144157552833283131e-02 1.153826865146706515e-02
3.769000000000000000e+03 3.770000000000000000e+03 9.743548604477311414e+01 -1.095423308572331145e+01 1.791311016972674697e+00 5.603433015833633846e+00 1.283476805961454303e-01 5.094975150031970657e-01 6.236548109244903770e-01 7.021010242143299607e-01 1.067977318295752820e+00 7.678899395628491220e-02 6.938794255114721921e-02 2.504324815344841082e-02 2.515909261079027348e-02
3.770000000000000000e+03 3.771000000000000000e+03 6.995992916014681384e+01 -1.184204896932621764e+01 4.165317755129429145e+00 5.621958805934784920e+00 4.581022628679058684e-02 7.200834459405669463e-01 8.100140198570109362e-01 1.185991231292842230e+00 1.496104785134550141e+00 3.108653517545167944e-02 3.086197944362112366e-02 1.917340905380350222e-02 1.935350462859541931e-02
3.771000000000000000e+03 3.772000000000000000e+03 3.787709286057586411e+01 -1.096049700698509888e+01 2.628677718426552179e+00 5.612391520750794172e+00 1.424575632450179041e-01 7.401207419191084824e-01 9.170632502878195425e-01 1.073365860211924039e+00 1.397705269632634195e+00 6.697026985942589050e-02 5.894099642458350274e-02 3.033401398234536472e-02 2.805962025720831754e-02
3.772000000000000000e+03 3.773000000000000000e+03 8.510332863277079696e+01 -1.149269066275308759e+01 3.180366034595947689e+00 5.670495444380277306e+00 3.552205465025841391e-02 6.436981328970787786e-01 7.642443027390939392e-01 1.160026825312671761e+00 1.458332046715447028e+00 7.273703070736203813e-02 6.634897204509737634e-02 2.182410039514705302e-02 2.165278382106473193e-02
3.773000000000000000e+03 3.774000000000000000e+03 7.196206222249671214e+01 -1.142704070144132089e+01 4.358438856849780940e+00 5.580288063004596566e+00 5.275926016837793886e-02 6.576995450838154511e-01 7.189441940684346832e-01 1.140292627126907377e+00 1.455172111105824229e+00 3.012987391765342693e-02 3.001619626681062414e-02 2.238815256444075946e-02 2.198484838897840632e-02
3.774000000000000000e+03 3.849000000000000000e+03 3.363022852393282847e+01 -1.162868144181548402e+01 4.697824803635603175e+00 5.706516146770012732e+00 9.086788715806992656e-02 7.558278813865513257e-01 7.609573445958695004e-01 1.201504417581134021e+00 1.519911711449311476e+00 2.245037891877466052e-02 2.294182172999104097e-02 2.646889949173812651e-02 2.547377076657997286e-02
3.849000000000000000e+03 3.905000000000000000e+03 4.978890110086336307e+01 -1.083079279305175646e+01 3.333004512919200746e+00 5.734333956801499710e+00 1.509053606989181895e-01 4.495930908448020347e-01 5.046289502058414200e-01 9.886412611614097123e-01 1.377573174065296779e+00 4.013768491019131801e-02 4.028940706392258875e-02 2.282194574235002493e-02 2.330323062955302893e-02
3.905000000000000000e+03 4.007000000000000000e+03 9.495844832444257477e+00 -1.314174910553394682e+01 6.098818287221787315e+00 5.803381652512836553e+00 7.843518050830422528e-02 2.872956383109006140e+00 3.161352922371087004e+00 3.151593347035769543e+00 2.683856565630092561e+00 8.060174658621210853e-02 5.235697832212871106e-02 5.855549505441115521e-02 3.627146870527181433e-02
4.007000000000000000e+03 4.035000000000000000e+03 5.358327589375237210e+01 -1.097634769799108057e+01 2.512279369150685504e+00 5.777245905967210327e+00 1.379411836371383787e-02 5.064705883577786949e-01 5.343829709308689502e-01 7.796953943027551404e-01 1.186913627453185960e+00 4.506210706110902464e-02 4.550304356531942318e-02 2.155053640175756680e-02 2.179409771653310901e-02
4.035000000000000000e+03 4.036000000000000000e+03 2.493453605176358394e+02 -1.126446097227235654e+01 3.683855867105749304e+00 5.651277717015590341e+00 2.926707612390690161e-02 2.644527783214645211e-01 2.793508067187602251e-01 8.158801281158702956e-01 1.262747178416877780e+00 2.112064223880061320e-02 2.067761463114248244e-02 1.111090951901087115e-02 1.129756116879184619e-02
4.036000000000000000e+03 4.038000000000000000e+03 9.753593146382753787e+01 -1.084158440454613981e+01 3.296238473387745227e+00 5.711340849270193587e+00 2.352882276664079730e-02 2.464574515485420392e-01 2.699646067537262439e-01 7.141666398820363248e-01 1.171277206338839694e+00 2.258746040358250440e-02 2.229874663891884268e-02 1.472174580705957331e-02 1.459363412483824507e-02
4.038000000000000000e+03 4.039000000000000000e+03 6.440867745005745348e+01 -1.107509664570227415e+01 3.914763669432096194e+00 5.725980823805669750e+00 4.393628989311355870e-02 2.500992368183965198e-01 2.634763191407394345e-01 7.944494911094444056e-01 1.244130924371643410e+00 1.676820878038043361e-02 1.650437738160093204e-02 1.353325047077495388e-02 1.313699136462298522e-02
4.039000000000000000e+03 4.060000000000000000e+03 8.289484048049159526e+01 -1.115286743067996333e+01 3.828340816948238690e+00 5.708444189261131285e+00 4.571838970730508767e-02 2.985561807545913382e-01 3.172691823854041360e-01 8.230895507414812684e-01 1.271305407289390565e+00 2.012288114979909892e-02 1.965241791321759024e-02 1.445014257305812788e-02 1.449280600923189694e-02
4.060000000000000000e+03 4.093000000000000000e+03 5.627638843098974064e+01 -1.083163854040331664e+01 3.728977070120256698e+00 5.698558210049514017e+00 -5.835548429152760674e-02 4.150835056779094145e-01 4.523483975722903949e-01 9.572847602869596351e-01 1.372224175293244919e+00 3.251109689898523669e-02 3.125304765322134415e-02 2.374737478813661318e-02 2.435040233924339742e-02
4.093000000000000000e+03 4.094000000000000000e+03 2.759582854506424496e+02 -1.078864275602272826e+01 3.570987390398743244e+00 5.727299529204282535e+00 -3.547450975088502212e-02 1.840564007820155723e-01 1.935903875105076111e-01 6.298556291547638963e-01 1.056654227485609887e+00 1.350645452839138727e-02 1.331635648852369513e-02 1.123178423575126039e-02 1.116483027962236058e-02
4.094000000000000000e+03 4.095000000000000000e+03 3.015350932072599903e+02 -1.019973752475489803e+01 2.301503562742824638e+00 5.697476936313534246e+00 -4.808519623128342663e-02 2.308599710436833874e-01 2.504950712366120769e-01 4.920705033516163951e-01 7.815287944101663165e-01 2.963470854834060475e-02 2.903363627479116360e-02 1.643161167308482967e-02 1.634674233902368157e-02
4.095000000000000000e+03 4.206000000000000000e+03 2.171532443662436265e+02 -1.070945796837935937e+01 3.634421535696079619e+00 5.731755709053706127e+00 -4.885937283046996871e-02 1.929636984781009090e-01 2.013466876608465128e-01 7.383730284421243795e-01 1.179670303123541597e+00 1.815221514292186811e-02 1.797021840099954915e-02 1.162127654337777316e-02 1.162128805769525874e-02
4.206000000000000000e+03 4.207000000000000000e+03 1.098752901353535094e+02 -1.085572302627434027e+01 3.402309491538647812e+00 5.703681110951288602e+00 -3.172743344030407031e-02 2.759841769768751618e-01 3.045799521439747082e-01 7.350539362647747765e-01 1.162876645183370528e+00 2.188168132236700814e-02 2.150345831745870129e-02 1.701333840344648740e-02 1.697377287042760655e-02
4.207000000000000000e+03 4.208000000000000000e+03 1.431711725023838824e+02 -1.093457821868040725e+01 3.768253979425220557e+00 5.718863497156014830e+00 -3.051270212302488460e-02 3.102230625214819071e-01 3.345532996476361376e-01 7.761499450835209757e-01 1.218182378524145015e+00 1.720355983976329384e-02 1.683838480936650228e-02 1.754491617458275865e-02 1.752963003377165652e-02
4.208000000000000000e+03 4.226000000000000000e+03 1.261799210417309780e+02 -1.060131310935123139e+01 3.288763993917149353e+00 5.728393614880274320e+00 -3.990810654308068334e-02 3.410572974771479693e-01 3.732282589560007580e-01 7.642191335272712216e-01 1.184028424954213232e+00 2.388688324248899875e-02 2.362088458240929612e-02 1.935366225241081511e-02 1.949811105778103890e-02
4.226000000000000000e+03 4.227000000000000000e+03 1.145199975107464070e+02 -1.159556207168008335e+01 4.669899436785589053e+00 5.651092073754227840e+00 -8.165003531791721614e-02 3.983066333424272187e-01 4.237733676859569698e-01 9.972622500986991767e-01 1.380260120332086338e+00 1.874156637056945129e-02 1.882369862885191480e-02 1.533097579189772464e-02 1.565339825346258318e-02
4.227000000000000000e+03 4.228000000000000000e+03 6.060845067254031449e+01 -1.135251498430590544e+01 3.928590387749058888e+00 5.781853403782479361e+00 -8.744764385820608110e-02 4.309301461789409871e-01 4.767589188824672419e-01 9.609888953175618198e-01 1.353592635346252404e+00 2.635879963070575371e-02 2.591802474377313814e-02 1.941434648838862020e-02 1.940376186794029456e-02
4.228000000000000000e+03 4.229000000000000000e+03 8.825075264783144746e+01 -1.096303759632207786e+01 3.462791017108237668e+00 5.731359562208552916e+00 -1.291779327378399511e-01 3.837590072192273993e-01 4.199453761256730644e-01 8.157731212845140689e-01 1.228755654488532301e+00 2.412774157246566631e-02 2.356340429726166974e-02 2.004090450545240043e-02 1.997424283253097788e-02
4.229000000000000000e+03 4.230000000000000000e+03 7.718731884721367464e+01 -1.262235557897611926e+01 5.119455784444648216e+00 5.702102151548775311e+00 -8.691262366633067948e-02 5.905273039773017985e-01 6.245130270254009019e-01 1.091897284694443471e+00 1.439309619219974579e+00 1.156325524098633650e-02 1.122230190404316374e-02 1.221961408391375459e-02 1.289047168327064896e-02
4.230000000000000000e+03 4.231000000000000000e+03 9.464987370150632273e+01 -1.132289622310512556e+01 3.514938410641663680e+00 5.701107379289062749e+00 -7.160241693041841105e-02 3.787944097335547156e-01 4.230211282778011395e-01 8.796592873238258115e-01 1.296968827787488010e+00 2.784100159148383824e-02 2.692876171818170405e-02 1.709827897345231329e-02 1.714407494731823300e-02
4.231000000000000000e+03 4.238000000000000000e+03 3.179028281388730193e+01 -1.099045389664412120e+01 2.517116038826781921e+00 5.740905757870052639e+00 -3.350421947310903981e-02 6.466025158672419337e-01 7.724619300342929762e-01 1.032319292743083539e+00 1.348837726410283988e+00 6.237784926020406573e-02 5.456655443526603477e-02 3.188936731220265441e-02 3.040334319043945521e-02
4.238000000000000000e+03 4.239000000000000000e+03 3.188046408156632339e+01 -1.043857226041587083e+01 1.273448509419180974e+00 5.812692271943744160e+00 -4.741519385563180977e-02 1.157797811247879949e+00 1.010097368030943876e+01 6.366717427659540185e+00 1.733044959003968932e+00 1.357824918494916488e-01 4.115442190773261899e-01 1.187729026912838215e-01 5.691465869273101136e-02
4.239000000000000000e+03 4.242000000000000000e+03 2.450007284379608663e+01 -1.413244598998348778e+01 5.793481950452660456e+00 5.802205807205822907e+00 -1.037043415898422916e-01 2.883418674344341071e+00 2.126480744513104426e+00 2.501857773758061843e+00 2.747828176329280225e+00 4.040778867387651019e-02 3.933690833534164710e-02 2.004146893716368671e-02 1.909809196084134852e-02
4.242000000000000000e+03 4.243000000000000000e+03 7.718199508913876628e+01 -1.091932321039685050e+01 3.150895243435499093e+00 5.645445633044992917e+00 -7.513203284152360217e-02 4.227375865797160515e-01 4.956823471652800350e-01 9.451939836516598525e-01 1.370813995607500058e+00 4.598857671625378174e-02 4.438971618557374654e-02 2.272126478915513503e-02 2.279022103286118539e-02
4.243000000000000000e+03 4.244000000000000000e+03 6.593485264013428093e+01 -1.043451412756281016e+01 2.754630101100015604e+00 5.744787118049685226e+00 -7.425504601167082219e-02 4.555435379982206712e-01 4.917169389548554648e-01 8.398326872914336771e-01 1.257441569036065854e+00 4.621797853412701329e-02 4.431864489089498704e-02 2.941760855632963301e-02 2.859483886330849850e-02
4.244000000000000000e+03 4.525000000000000000e+03 5.722797203468362426e+01 -1.089379688457358952e+01 3.484440203283193149e+00 5.737684690940554333e+00 3.811741610697988447e-02 4.392540932733428605e-01 5.116634955849903577e-01 1.004518799167501975e+00 1.379436556894242827e+00 3.959101315773949636e-02 3.820712591742836395e-02 2.474018433389288743e-02 2.446904292639566492e-02
4.525000000000000000e+03 4.786000000000000000e+03 1.616511135614571231e+02 -1.047410669126407079e+01 3.257478942136268429e+00 5.702951968826826423e+00 -9.289264832550903073e-02 2.926429476655023620e-01 3.223818835399416827e-01 7.875265812597502801e-01 1.221569882520111783e+00 2.892831672187856640e-02 2.785267687689341187e-02 2.112891330234996368e-02 2.085341671831618393e-02
4.786000000000000000e+03 4.787000000000000000e+03 1.025394870804219636e+02 -1.120768725173735803e+01 3.886156305946022016e+00 5.705319177668627617e+00 6.213327612514044085e-02 2.644882734510698441e-01 2.810686386527123659e-01 8.093276399371767127e-01 1.251805120003336214e+00 1.695063334467583616e-02 1.657731416810115377e-02 1.262055362921044033e-02 1.282883881060493947e-02
4.787000000000000000e+03 4.789000000000000000e+03 4.833516186990794949e+01 -1.035436153204837950e+01 3.357016315971595777e+00 5.728824705498808179e+00 -1.010737002256285183e-01 3.581387494974279662e-01 3.900336929248560125e-01 8.546392895959229463e-01 1.271897411483359885e+00 2.829976402646838807e-02 2.758162301577815612e-02 2.503108437780320050e-02 2.555300315060028693e-02
4.789000000000000000e+03 4.827000000000000000e+03 1.734297608668989810e+01 -1.362498035466224700e+01 2.933055968314359774e+00 6.923349841615197064e+00 -1.109845795232621279e-01 2.621369072342725204e+00 1.555739790842078918e+00 1.801769107961531446e+00 3.007208530103951283e+00 1.060141751565142343e-01 3.765490163161011594e-02 1.907867959241063560e-02 2.322966847993813977e-02
4.827000000000000000e+03 4.828000000000000000e+03 2.175791887754381264e+02 -1.085092101613163429e+01 2.439355975247265551e+00 5.739283902203179188e+00 2.947433603571619765e-02 2.356799922465508956e-01 2.555912574811802784e-01 4.925584696252134354e-01 7.734703064809864692e-01 2.621783554547185702e-02 2.544171955012952679e-02 1.335539252036429050e-02 1.330616731744424519e-02
4.828000000000000000e+03 4.829000000000000000e+03 2.607530048024900680e+02 -1.037597776118488646e+01 2.711257599477082003e+00 5.706439597408861530e+00 5.014873499477946056e-02 2.183232834280026680e-01 2.343118300453941316e-01 5.900764063498407097e-01 9.714319430012805512e-01 2.635004692295073170e-02 2.540625681570585215e-02 1.604206815281757764e-02 1.603118584270683128e-02
4.829000000000000000e+03 4.905000000000000000e+03 2.958033492851512278e+02 -1.108098642451773408e+01 2.677873509513125416e+00 5.745687283321595729e+00 7.373582990222425811e-03 2.253109126733612300e-01 2.413124549596723512e-01 5.291208857588602932e-01 8.698940261479126690e-01 2.302730447667222791e-02 2.252976997075606391e-02 1.188652803774819730e-02 1.195062571896027964e-02
4.905000000000000000e+03 4.906000000000000000e+03 6.424607664483831115e+01 -1.109850537637092316e+01 2.029862151392375580e+00 5.685477743897436653e+00 -4.452785760612466143e-03 6.785285226395227909e-01 9.832293597052110812e-01 1.189649343015926952e+00 1.431889957373520872e+00 1.445055987352459326e-01 1.120004118335202747e-01 2.370334050865322353e-02 2.759124904067394510e-02
4.906000000000000000e+03 4.908000000000000000e+03 1.081434857352972330e+02 -1.268183023854737002e+01 5.029462973478086241e+00 5.617122287512923862e+00 1.079595511348233616e-01 6.935608705349380898e-01 7.213669864286007538e-01 1.202742147887568613e+00 1.482229824849213173e+00 1.873385763727064557e-02 2.088137889348917753e-02 1.187749794959543082e-02 1.186584262335198259e-02
4.908000000000000000e+03 4.909000000000000000e+03 8.401857452262990478e+01 -1.163942335240095005e+01 4.855009741543502066e+00 5.742613050459979718e+00 5.150323717690470648e-02 4.860145865570277834e-01 5.365230488557539701e-01 1.044255577594968898e+00 1.402497699047950519e+00 1.766099580475444242e-02 1.738524876237246275e-02 1.912790839943606658e-02 1.912581088671311269e-02
4.909000000000000000e+03 4.921000000000000000e+03 4.605565729618086124e+01 -1.133343601230035702e+01 3.398285538774144854e+00 5.618801034173340092e+00 6.454132462584570573e-02 7.521674159963218642e-01 8.702781749996297833e-01 1.172190611197105437e+00 1.474245559934237448e+00 6.326403752704656824e-02 5.509061716906327177e-02 3.141292417640158263e-02 2.940156234817983827e-02
4.921000000000000000e+03 4.922000000000000000e+03 2.190388953479755969e+02 -1.107100709145774609e+01 3.886632542865413598e+00 5.769254422432090301e+00 8.745116939012714807e-02 2.483659097824162387e-01 2.653674944794612856e-01 8.320667809959960692e-01 1.259420245136643857e+00 1.981693900726533286e-02 1.926146518300164701e-02 1.399969866563105514e-02 1.399372256603761966e-02
4.922000000000000000e+03 4.923000000000000000e+03 1.070697677790758604e+02 -1.069773506533596752e+01 2.195318162144700658e+00 5.599279255088484675e+00 3.156647082890076672e-02 4.504796613822339424e-01 5.413072260066176256e-01 8.207185399025132000e-01 1.238527876897271618e+00 7.656589971855876087e-02 6.884099248658070991e-02 2.194997046724474210e-02 2.267924185867775666e-02
4.923000000000000000e+03 4.924000000000000000e+03 2.125795353768417044e+02 -1.140786696664322086e+01 3.114595987848303160e+00 5.785952692206921100e+00 6.174046510477630700e-02 2.801254860882487208e-01 2.992611608296869008e-01 6.019224358596746427e-01 9.848792764440741365e-01 1.880463962589118410e-02 1.853991542681399096e-02 1.198611739839968576e-02 1.194351033089388614e-02
