Borne_inf Borne_sup Likelihood log(S0) log(Q) log(w0) Offset Errors_inf S0,Q,w0,Offset Errors_sup S0,Q,w0,Offset
3.320000000000000000e+03 3.340000000000000000e+03 4.188299579305495257e+01 -8.707923513661855353e+00 1.194387312389252997e+00 5.507744737888668141e+00 -1.867973847037921742e-01 1.789029875576273909e+00 2.322851184193398311e+00 1.919160809853574623e+00 1.993214742018132313e+00 2.669361042461879663e-01 2.003751421628523488e-01 1.696515849695685862e-01 9.426432287768396479e-02
3.340000000000000000e+03 3.492000000000000000e+03 1.229716807175927329e+01 -1.115302778806432649e+01 3.696553920197994003e+00 5.789642517963275559e+00 -1.599262931784057873e-01 1.068396093511401190e+00 1.248816700808291102e+00 1.434147681308952649e+00 1.688334782064587536e+00 6.641645945934548934e-02 5.151632478292622608e-02 3.724590869851793218e-02 3.977794473227028171e-02
3.492000000000000000e+03 3.666000000000000000e+03 -1.928885536867512940e+02 -1.007793555816542153e+01 3.638895213066717815e+00 5.512031043970798905e+00 5.988477600496887321e-03 4.212935507278396940e+00 2.754874780866684247e+00 2.694442494600540083e+00 4.363680539004203496e+00 1.585341750729183374e-01 1.267658236875108813e-01 1.063492836929398055e-01 1.551218963419655206e-01
3.666000000000000000e+03 3.711000000000000000e+03 1.230705172130371068e+02 -1.094459116941082755e+01 3.122144457103891657e+00 5.693659015859229733e+00 1.057373460472513516e-01 4.126722802909252863e-01 4.555318491978184170e-01 7.181253920646351041e-01 8.844910671103360933e-01 3.331396200192582313e-02 3.220955496290844877e-02 2.115586614991411818e-02 2.089131976444394412e-02
3.711000000000000000e+03 3.768000000000000000e+03 1.364638187055267622e+02 -1.010358310259000625e+01 2.929791076821811835e+00 5.666596015852241486e+00 9.959396998516478750e-02 3.506462500630984636e-01 3.796175556518157634e-01 5.873097777797502417e-01 7.028381139504995545e-01 2.968743505494764179e-02 2.808547159942431648e-02 2.538720853210457706e-02 2.484854172482024726e-02
3.768000000000000000e+03 3.849000000000000000e+03 8.370934947071739316e+02 -1.099273470770037520e+01 2.966421588548945110e+00 5.665173332614563684e+00 8.147705645387155748e-02 1.545778794961556457e-01 1.597438355339679816e-01 3.063802823720598312e-01 3.519785200402156811e-01 1.226368198052885106e-02 1.207890547449075314e-02 8.042127697259371377e-03 7.998058161542323519e-03
3.849000000000000000e+03 3.905000000000000000e+03 5.294100550488334278e+01 -1.082852268479224911e+01 3.328281966390213675e+00 5.734411419507105201e+00 1.510607418936680824e-01 4.522218002670701509e-01 5.047777417894963037e-01 9.875121874856036541e-01 1.378056410296295553e+00 4.034222653443642059e-02 4.034081735693106907e-02 2.283037167899465425e-02 2.289369384294909215e-02
3.905000000000000000e+03 4.007000000000000000e+03 1.391302571324034787e+00 -1.294668113939738063e+01 5.893790730620921181e+00 5.801761027179332508e+00 7.717882006073334411e-02 2.916487296634791448e+00 3.138607740194986562e+00 3.089107395713790893e+00 2.778590319701539357e+00 8.497873336217498519e-02 5.401925487687009309e-02 6.618264412055550883e-02 3.692328807757300213e-02
4.007000000000000000e+03 4.035000000000000000e+03 5.405673189227526620e+01 -1.097625002218241619e+01 2.513864707525788500e+00 5.776049512607187353e+00 1.383904543451275164e-02 5.023057378055497679e-01 5.535217896590118869e-01 7.936223267328528230e-01 1.182106582227528957e+00 4.539022720129626265e-02 4.546782087397005512e-02 2.150546176097031109e-02 2.169336358078229055e-02
4.035000000000000000e+03 4.060000000000000000e+03 5.281945014765944961e+02 -1.104839987967354631e+01 3.353788357454190461e+00 5.705902748723334916e+00 3.462133317156164403e-02 1.287349358761673557e-01 1.345361558382514033e-01 3.687987583939977831e-01 4.642915371785778511e-01 1.026430294462699067e-02 1.025076145947512174e-02 6.800373453731300977e-03 6.857461369083064917e-03
4.060000000000000000e+03 4.093000000000000000e+03 7.088449393726672554e+01 -1.083834079130138051e+01 3.732452732743659851e+00 5.698961908019565925e+00 -5.816725208097005273e-02 4.156380077357066938e-01 4.550612141224927854e-01 9.522112769963975154e-01 1.365145118737917329e+00 3.299121532145399271e-02 3.097125597097871719e-02 2.367493347051306818e-02 2.394276162214033221e-02
4.093000000000000000e+03 4.206000000000000000e+03 7.870189772179579677e+02 -1.061143753447541727e+01 3.045863727861904735e+00 5.723853829651896596e+00 -4.351796606189019256e-02 1.149559928632726269e-01 1.212699124968033004e-01 3.416350105128631576e-01 4.443037894016765854e-01 1.050756076217140844e-02 1.079334682467969486e-02 7.369747041964594403e-03 7.311055371210378739e-03
4.206000000000000000e+03 4.226000000000000000e+03 3.867079172927094532e+02 -1.086846097994538063e+01 3.311039578482283030e+00 5.717974177320314766e+00 -3.422333716188183383e-02 1.760326374081540024e-01 1.838990574332886041e-01 4.110278920764693922e-01 5.532139597407672582e-01 1.106771058259781171e-02 1.136134098747199062e-02 9.986454881370024350e-03 9.897414779897341364e-03
4.226000000000000000e+03 4.238000000000000000e+03 4.644255293431112932e+02 -1.114889173225869179e+01 3.297805709830812226e+00 5.712442748664910752e+00 -8.750799854843382963e-02 1.667961633595353987e-01 1.724356387843073435e-01 3.499345297703455593e-01 4.089749628813019733e-01 1.124486862853402158e-02 1.050108610048017255e-02 8.207370927757973167e-03 8.281230441153086819e-03
4.238000000000000000e+03 4.525000000000000000e+03 2.524175859280510394e+02 -1.058989495742498477e+01 2.323669142284802369e+00 5.726302690965944464e+00 -4.842858466357000818e-02 2.195998274157915375e-01 2.385402606945561388e-01 3.785990667176639679e-01 4.333033432815991404e-01 2.467712544962719079e-02 2.426594227514300428e-02 1.349261614431902789e-02 1.366776879001160155e-02
4.525000000000000000e+03 4.786000000000000000e+03 1.606348595718389447e+02 -1.048103737801713642e+01 3.256269844000060587e+00 5.702626997959201915e+00 -9.279793943266757827e-02 2.907804268729137220e-01 3.201557259970524427e-01 7.798248790947925890e-01 1.218474692049944963e+00 2.841528080228350461e-02 2.767655795243140204e-02 2.093574181286782243e-02 2.100713162453518579e-02
4.786000000000000000e+03 4.827000000000000000e+03 1.257849889703035160e+02 -9.940133242779833012e+00 2.322151272555892820e+00 5.711903459728816301e+00 4.092694683345128766e-03 2.223891081889792787e-01 2.346348923972012557e-01 3.935839995837142613e-01 4.914222897917928101e-01 2.304903962425708386e-02 2.276916341082468875e-02 1.692710941994047397e-02 1.720982107274779752e-02
4.827000000000000000e+03 4.905000000000000000e+03 7.770183554956774969e+02 -1.070022401122868771e+01 2.429439152795281220e+00 5.727277342180050468e+00 2.951823558491750016e-02 1.312999802590404386e-01 1.351821934608192777e-01 2.877418566539602374e-01 3.623954935110225151e-01 1.469653503127510419e-02 1.448643517336734021e-02 8.127762181355580040e-03 8.117524991285297864e-03
4.905000000000000000e+03 4.921000000000000000e+03 3.166299716792096888e+02 -1.105197511558420054e+01 3.216960342691101982e+00 5.704699134326485677e+00 5.238719388329064752e-02 2.448752405006331401e-01 2.595194432754901470e-01 4.749932383438180139e-01 5.557177319149051442e-01 1.895400723571416535e-02 1.919373981692729103e-02 1.245908856087126620e-02 1.260079034017691502e-02
4.921000000000000000e+03 4.924000000000000000e+03 5.535434339286904333e+02 -1.106711991684715102e+01 3.000680341754946134e+00 5.766927555685374074e+00 6.412607947229120864e-02 1.643265504513067299e-01 1.724691070039234830e-01 3.951035493983003910e-01 5.171630150005492865e-01 1.423077479174050808e-02 1.409236956978698885e-02 8.779625671339164050e-03 8.786923030905599563e-03
