Borne_inf Borne_sup Likelihood log(S0) log(Q) log(w0) Offset Errors_inf S0,Q,w0,Offset Errors_sup S0,Q,w0,Offset
3.320000000000000000e+03 3.340000000000000000e+03 3.931492577816586476e+01 -8.690542710855641673e+00 1.192922250847530119e+00 5.501828065772537357e+00 -1.894662119342323536e-01 1.771662602097713091e+00 2.214631674676741824e+00 1.848905719928434888e+00 1.973040639269468155e+00 2.656357053874973673e-01 2.017915655734832114e-01 1.709094463334289715e-01 9.377633126900145055e-02
3.340000000000000000e+03 3.492000000000000000e+03 4.680693563956373993e+01 -1.113821132622415888e+01 3.685508687959688778e+00 5.790246352048536771e+00 -1.599056449432657290e-01 1.078577856215332531e+00 1.235140193937983355e+00 1.440918509017338422e+00 1.643946596349779909e+00 6.674776518475677989e-02 5.223443766700253121e-02 3.681671229649233212e-02 4.029950195075765462e-02
3.492000000000000000e+03 3.494000000000000000e+03 6.893592899503683924e+00 -1.072287094012214581e+01 4.908021055108401143e+00 5.469083236978706353e+00 9.157699792688647755e-02 3.644882655125826432e+00 3.801393302866381774e+00 3.690459811997741646e+00 3.476021710750520910e+00 3.278690582128440667e-01 4.477519474429030311e-01 6.664236675580232916e-01 3.427436384842058592e-01
3.494000000000000000e+03 3.666000000000000000e+03 -1.096551113309274506e+01 -7.811816034557610422e+00 1.416791289635301432e+00 5.529729570190912824e+00 -3.547111081535388177e-04 3.356841024439820131e+00 2.877271464499051135e+00 2.263181074552756300e+00 3.565983909176300592e+00 2.685099623887445830e-01 2.410350639602141243e-01 2.013967709165324083e-01 3.676126646998076897e-01
3.666000000000000000e+03 3.668000000000000000e+03 4.479310834953393794e+01 -1.021395682963205687e+01 2.958521122434255801e+00 5.670296858616199032e+00 8.368423785140902127e-02 6.859981720302670283e-01 8.067419118781451459e-01 1.127525154724454692e+00 1.452799991330268270e+00 6.735102524866842799e-02 5.913211721578903735e-02 4.787458484187137597e-02 4.631404953371501265e-02
3.668000000000000000e+03 3.711000000000000000e+03 7.453638448184918275e+01 -1.133876197850875656e+01 3.247877046076342644e+00 5.714562069891435669e+00 1.159137440381294154e-01 5.275067943925488834e-01 6.145506239422680039e-01 9.530109064859200174e-01 1.338106086197835332e+00 4.270213158740698844e-02 3.999426893931712357e-02 2.284504079137882060e-02 2.366148119471793432e-02
3.711000000000000000e+03 3.712000000000000000e+03 4.039007035531424350e+01 -1.031907155135601961e+01 2.801786509751795773e+00 5.691401203434577560e+00 1.192955760532512510e-01 7.579009417254507497e-01 8.973891373353914958e-01 1.146864821214664154e+00 1.480049536477075822e+00 6.729335644651346371e-02 5.439206934828177964e-02 4.252356568807039161e-02 4.395563811132396914e-02
3.712000000000000000e+03 3.713000000000000000e+03 5.785982258341533679e+01 -1.242562830803284690e+01 5.194034800433815491e+00 5.718618600656581563e+00 1.518373644432504388e-01 6.475099293379589227e-01 6.830340035053303893e-01 1.159160305807898972e+00 1.482061646911123631e+00 1.662573163306113599e-02 1.686086710159440116e-02 1.529655143162805819e-02 1.533738571339540724e-02
3.713000000000000000e+03 3.768000000000000000e+03 2.943785057186014598e+01 -9.112551541212260631e+00 2.678514564739336912e+00 5.602574092913904735e+00 1.703775744336140374e-02 6.176842381967428963e-01 7.700729032913979921e-01 1.041036822992561506e+00 1.392621569786715696e+00 8.236745667324285591e-02 6.627047177154743451e-02 7.594915734821071351e-02 6.996124569053209508e-02
3.768000000000000000e+03 3.769000000000000000e+03 4.094705775260077871e+02 -1.101351543758440421e+01 3.352281500663807812e+00 5.678253889901967888e+00 7.747837182103739506e-02 2.217480792380612797e-01 2.336312226389551938e-01 6.268149784281238368e-01 1.062630470801218863e+00 1.647277314976669516e-02 1.634928641913813152e-02 1.157066386743543784e-02 1.149718078148118106e-02
3.769000000000000000e+03 3.770000000000000000e+03 9.738732212333141547e+01 -1.094427843137564693e+01 1.781806361185266141e+00 5.603141010400801036e+00 1.285854474836240491e-01 5.118102306806768809e-01 6.370506865388918527e-01 6.973345886227924062e-01 1.054448782408662133e+00 7.861984707500546676e-02 7.006339355185442486e-02 2.548664629937777426e-02 2.498890969311923227e-02
3.770000000000000000e+03 3.771000000000000000e+03 8.234538543798031185e+01 -1.182851732097628172e+01 4.170276689602563813e+00 5.621785768839489883e+00 4.555783618030784243e-02 7.364362942050473038e-01 8.143732143013036051e-01 1.196088809286609767e+00 1.479740134654818462e+00 3.130161043187040804e-02 3.084593687273873286e-02 1.895354770622587753e-02 1.929345039088160851e-02
3.771000000000000000e+03 3.772000000000000000e+03 5.029536082861613266e+01 -1.097559418318662949e+01 2.620495471407074284e+00 5.612937228365003861e+00 1.422866594985385535e-01 7.417026953579810566e-01 9.251081096694253603e-01 1.067032686715805978e+00 1.371578722923774141e+00 6.700358398022743245e-02 5.829902167988976203e-02 3.018651695898467990e-02 2.822820364615030719e-02
3.772000000000000000e+03 3.773000000000000000e+03 7.331218642812643793e+01 -1.148344719488324017e+01 3.154912294360529668e+00 5.667677352307627814e+00 3.570356946090621347e-02 6.402439830968660317e-01 7.749758674109656909e-01 1.159704542756979428e+00 1.479670081151805316e+00 7.437179371443747300e-02 6.841526429644240181e-02 2.197797933608575810e-02 2.163440945495782169e-02
3.773000000000000000e+03 3.774000000000000000e+03 7.300020108098436822e+01 -1.143220196656690568e+01 4.377129025808642382e+00 5.579606842023680180e+00 5.262114532141264067e-02 6.525036066994065465e-01 7.243152285121965406e-01 1.155224111926427710e+00 1.475732036214195020e+00 2.975704899761666411e-02 2.994713856209241243e-02 2.223974443438693840e-02 2.188985454235457817e-02
3.774000000000000000e+03 3.849000000000000000e+03 3.217090039171046101e+01 -1.163545815123014293e+01 4.716659617363025525e+00 5.706106667213267869e+00 9.146009399795307360e-02 7.497387021627233139e-01 7.701902480564868370e-01 1.210625535060101399e+00 1.523268331772173134e+00 2.226505495927888489e-02 2.278552758459895244e-02 2.636022393765834193e-02 2.557304087121919922e-02
3.849000000000000000e+03 3.905000000000000000e+03 5.129859199573439099e+01 -1.081381550580030293e+01 3.295469745673518691e+00 5.734547117752897272e+00 1.506321689346396819e-01 4.551171950906915953e-01 5.043113681144468785e-01 9.764954860462120578e-01 1.359991710884349114e+00 4.093129240405612990e-02 4.046010876840711035e-02 2.299720688481776687e-02 2.324407928829169689e-02
3.905000000000000000e+03 4.007000000000000000e+03 1.110670605211171669e+01 -1.296496429359121905e+01 5.925733106339665213e+00 5.802041091336336720e+00 7.795469642815705535e-02 2.916205451904291479e+00 3.164259973913541302e+00 3.115984506391439535e+00 2.751199459931873648e+00 8.579367518355773825e-02 5.332719487561732308e-02 6.546257186196056954e-02 3.687266687020733513e-02
4.007000000000000000e+03 4.035000000000000000e+03 5.457981149756311368e+01 -1.097005957179667668e+01 2.507573124185586977e+00 5.776363761055661961e+00 1.372476557443367239e-02 5.070733411784225098e-01 5.496077330502391334e-01 7.876406572642868920e-01 1.171775891668264791e+00 4.575715978619943058e-02 4.598223026819336923e-02 2.173996850236416950e-02 2.155225337840033922e-02
4.035000000000000000e+03 4.036000000000000000e+03 2.449083357185337775e+02 -1.126220773529962038e+01 3.688055761844506453e+00 5.651288195086437760e+00 2.913157084947778225e-02 2.672197245319640757e-01 2.806620858552282272e-01 8.146862380119794800e-01 1.240781471734250463e+00 2.111207252767677289e-02 2.082681074107028962e-02 1.117055832361874348e-02 1.134351886084340039e-02
4.036000000000000000e+03 4.038000000000000000e+03 1.093436479719823211e+02 -1.083756186691479328e+01 3.284145553326794698e+00 5.711438523855148830e+00 2.336544599845070957e-02 2.519065672508418174e-01 2.679369045683550610e-01 7.109445622200607495e-01 1.148961208466709571e+00 2.243250909659533221e-02 2.198681629848842078e-02 1.482221628505341060e-02 1.477405742058975763e-02
4.038000000000000000e+03 4.039000000000000000e+03 7.660988364936859796e+01 -1.107468374130534627e+01 3.921153013834421941e+00 5.725843349668249260e+00 4.387536513140630895e-02 2.511885953057664267e-01 2.656748623950075938e-01 8.106891476141786512e-01 1.273729611603245715e+00 1.666454085732915757e-02 1.638117523764037742e-02 1.329340372307312446e-02 1.324600155583311595e-02
4.039000000000000000e+03 4.060000000000000000e+03 7.923404469617143775e+01 -1.115444656750006835e+01 3.812848351951988235e+00 5.708031819617750635e+00 4.569007811136827080e-02 2.979201481700428644e-01 3.216745087749313115e-01 8.142390037564570804e-01 1.248556866134169496e+00 1.993294138977041996e-02 1.962328919253497617e-02 1.446136998927256834e-02 1.464474468991953243e-02
4.060000000000000000e+03 4.093000000000000000e+03 6.678657845563294870e+01 -1.083282141099551765e+01 3.743854881551577751e+00 5.698729632146868340e+00 -5.824743248151733471e-02 4.156085455375180260e-01 4.536222829405307522e-01 9.574019892751173266e-01 1.350509335832591251e+00 3.301613550675064346e-02 3.149321412083505578e-02 2.355424230037708039e-02 2.433385258006062063e-02
4.093000000000000000e+03 4.094000000000000000e+03 2.775830509116441931e+02 -1.078752286054605847e+01 3.573267337233651197e+00 5.727067406609291922e+00 -3.540624240251777355e-02 1.836956720702911383e-01 1.933084051534379455e-01 6.268815480089875436e-01 1.043561262171090576e+00 1.355867339323957310e-02 1.360734845111899460e-02 1.114824511869907941e-02 1.128263248786289669e-02
4.094000000000000000e+03 4.095000000000000000e+03 3.013847723289371174e+02 -1.019678915944266073e+01 2.300267150560630025e+00 5.697711490295539249e+00 -4.823029143582532874e-02 2.312368427631525947e-01 2.500617301779719526e-01 4.926568113551033079e-01 7.718018466469542815e-01 2.968419169137437308e-02 2.926681745140058410e-02 1.657505181793259008e-02 1.637238639168243914e-02
4.095000000000000000e+03 4.206000000000000000e+03 2.168553688281068901e+02 -1.070945414230024362e+01 3.641522877572924255e+00 5.732168323999202286e+00 -4.886367477515421442e-02 1.905114764732509514e-01 2.004836280922610570e-01 7.496769631571882364e-01 1.215099763651917630e+00 1.834954864191207236e-02 1.814640174268422612e-02 1.182641974292747422e-02 1.161111434128789255e-02
4.206000000000000000e+03 4.207000000000000000e+03 1.081556373153382538e+02 -1.085077835901405763e+01 3.402083883418411947e+00 5.703581170375109366e+00 -3.160255114508885022e-02 2.826539327435266813e-01 3.034782862469729281e-01 7.358513889260742680e-01 1.185604233580300093e+00 2.183103824706744689e-02 2.143060250278150392e-02 1.716185630171767479e-02 1.700588510713103158e-02
4.207000000000000000e+03 4.208000000000000000e+03 1.495258127419278082e+02 -1.093477951215509059e+01 3.761440242789448885e+00 5.719317446689407447e+00 -3.015857227087399839e-02 3.135376958166773420e-01 3.406820151800999952e-01 7.731363456031243864e-01 1.211130717963101677e+00 1.716833332893941133e-02 1.656978208529480412e-02 1.750867749502980214e-02 1.737584451414248693e-02
4.208000000000000000e+03 4.226000000000000000e+03 1.201564177670564106e+02 -1.058975004688578636e+01 3.274274896293266401e+00 5.728448103067201203e+00 -4.008773910614617242e-02 3.382691329703941818e-01 3.654835618836127509e-01 7.552695275891494475e-01 1.185638446825712400e+00 2.423238358866530717e-02 2.381678315918556166e-02 1.965951707981897223e-02 1.965964461367242927e-02
4.226000000000000000e+03 4.227000000000000000e+03 1.141760172146761079e+02 -1.159666122907644237e+01 4.679731808413693628e+00 5.651328679420977608e+00 -8.131879231096711402e-02 3.977318358194619208e-01 4.210954069102825770e-01 1.011952861908683499e+00 1.386940757999076013e+00 1.862418096504647735e-02 1.866221469345941131e-02 1.542472549811191307e-02 1.534716366995987624e-02
4.227000000000000000e+03 4.228000000000000000e+03 6.397887528448931960e+01 -1.134208441882913121e+01 3.907302232147491949e+00 5.781850342454766256e+00 -8.754267802794021835e-02 4.362656249549097254e-01 4.782816783956427287e-01 9.532233453226632847e-01 1.345190106920176376e+00 2.689987903688351167e-02 2.596486088993543717e-02 1.954945844248792697e-02 1.956848004102687555e-02
4.228000000000000000e+03 4.229000000000000000e+03 9.327396231267469773e+01 -1.095423600177698376e+01 3.461480413768558417e+00 5.731293130681278214e+00 -1.297029889495670552e-01 3.847804557936029823e-01 4.154305220981857616e-01 8.219956677073398943e-01 1.248322227785121807e+00 2.405445195505784284e-02 2.344329407521783537e-02 1.996418089595369816e-02 2.042056011966633666e-02
4.229000000000000000e+03 4.230000000000000000e+03 7.969842504837652086e+01 -1.262785274108299127e+01 5.121321089146021244e+00 5.702239175458480247e+00 -8.667479954435555745e-02 6.013251152813641198e-01 6.264708708080739541e-01 1.084289817617279716e+00 1.427191988172284987e+00 1.146674632179589537e-02 1.113566007752897491e-02 1.217345299707175976e-02 1.266744530968003102e-02
4.230000000000000000e+03 4.231000000000000000e+03 9.136485747569966520e+01 -1.132022977917172391e+01 3.502884653359716882e+00 5.700829694247767421e+00 -7.171552520135118791e-02 3.769159404198791918e-01 4.180357137620802632e-01 8.682014079701629861e-01 1.311348998914544151e+00 2.804377212277842091e-02 2.749718523830146921e-02 1.715578823039741463e-02 1.713482650582083544e-02
4.231000000000000000e+03 4.238000000000000000e+03 2.428681625683910283e+01 -1.098782596468025829e+01 2.521831297052701260e+00 5.741218639738223217e+00 -3.360307690615464693e-02 6.529645945167654730e-01 7.634419014223841060e-01 1.031675078588225380e+00 1.353101223792844365e+00 6.205224605476189481e-02 5.410359299083111750e-02 3.154914646290141178e-02 3.048461022540632781e-02
4.238000000000000000e+03 4.239000000000000000e+03 3.055960112149004004e+01 -1.059705283445563140e+01 1.439670980418934931e+00 5.812770624028842370e+00 -4.662961685472917506e-02 1.044759090168266624e+00 9.242554631594716241e+00 6.073150047265162499e+00 1.637768078648023096e+00 1.257806908328129580e-01 3.460683304767355750e-01 7.433744979920242635e-02 5.112103615024395781e-02
4.239000000000000000e+03 4.242000000000000000e+03 2.661950541535324177e+01 -1.422050794825007003e+01 5.882530223805353842e+00 5.802202601221727818e+00 -1.040029606823142383e-01 2.866236657232672513e+00 2.167150471169810189e+00 2.518913020211489329e+00 2.701247495348692240e+00 3.989194504943327502e-02 3.950711637100923213e-02 1.976848550891664724e-02 1.911871144407703560e-02
4.242000000000000000e+03 4.243000000000000000e+03 7.623310491725037252e+01 -1.092433956332712697e+01 3.157028105442788668e+00 5.646455400418843418e+00 -7.556161302471275931e-02 4.264152989581617703e-01 4.876583494440875910e-01 9.465181531325974618e-01 1.336919128554181047e+00 4.573360039315144121e-02 4.362349613511540269e-02 2.245086350300821987e-02 2.319077516459507049e-02
4.243000000000000000e+03 4.244000000000000000e+03 6.031455132701698574e+01 -1.044321791835782953e+01 2.752501609121161152e+00 5.742781791820621429e+00 -7.359714964226642120e-02 4.552783199307679496e-01 5.009204533242677115e-01 8.332958652548665412e-01 1.234123508590411866e+00 4.530041490045544350e-02 4.397181745531053565e-02 2.932967875369726918e-02 2.844604099506323897e-02
4.244000000000000000e+03 4.525000000000000000e+03 5.652859500435517504e+01 -1.088882702167534866e+01 3.485999235580420574e+00 5.737486562341098661e+00 3.870008389845237817e-02 4.361951306280698049e-01 5.099330063981746264e-01 1.005578937283929442e+00 1.372459263830649867e+00 4.011240489960954392e-02 3.804560398590162151e-02 2.485644920752414638e-02 2.482531228578596649e-02
4.525000000000000000e+03 4.786000000000000000e+03 1.630535050910166888e+02 -1.047779541300131179e+01 3.253926161623219571e+00 5.702963127519730335e+00 -9.268951240733594443e-02 2.911634500272057835e-01 3.205173132022718363e-01 7.769432839355361331e-01 1.233871654116560634e+00 2.855859478726774370e-02 2.774961750744964206e-02 2.112659165744776302e-02 2.071230319643216355e-02
4.786000000000000000e+03 4.787000000000000000e+03 1.034147363267193214e+02 -1.120482591429656871e+01 3.882758551979617501e+00 5.705042747452083063e+00 6.238161227547021903e-02 2.644599773949565247e-01 2.815918630521352384e-01 8.016380163175051976e-01 1.234022618210589783e+00 1.700852925217777312e-02 1.680515991018172173e-02 1.273317334794997480e-02 1.287209837222767772e-02
4.787000000000000000e+03 4.789000000000000000e+03 4.838502655111699369e+01 -1.036194173479974623e+01 3.372782957285571204e+00 5.728529177104311643e+00 -1.018334260070202502e-01 3.532271910734756659e-01 3.914910962360629298e-01 8.673915371768057270e-01 1.311468196224360394e+00 2.852550170942347307e-02 2.783820596588881813e-02 2.491767766773952952e-02 2.531729395609506883e-02
4.789000000000000000e+03 4.827000000000000000e+03 1.532964909928101704e+01 -1.365161079213188522e+01 2.962418171094024721e+00 6.924190345028769400e+00 -1.113868901573103753e-01 2.657593019186355932e+00 1.613203135271154665e+00 1.871783956529251558e+00 2.985580697783140280e+00 1.003946155341415292e-01 3.709529285040868984e-02 1.950891275194807650e-02 2.306767972812173717e-02
4.827000000000000000e+03 4.828000000000000000e+03 2.151568241765369294e+02 -1.085085828258709562e+01 2.436036896825363840e+00 5.739897562912045004e+00 2.971681296159305041e-02 2.362225515445057766e-01 2.545228654418547620e-01 4.894683733610818432e-01 7.622214615850935182e-01 2.641706273564281560e-02 2.558408989142613166e-02 1.330022587510276341e-02 1.341603281708294432e-02
4.828000000000000000e+03 4.829000000000000000e+03 2.552663284782886137e+02 -1.038254058830609239e+01 2.726467355786000635e+00 5.706741467965615655e+00 5.011154544555135315e-02 2.143393456168443123e-01 2.352194768543522940e-01 5.972376279531697030e-01 1.007738676197263317e+00 2.587323770058880257e-02 2.500899937288902919e-02 1.585058754162525785e-02 1.596107312555522517e-02
4.829000000000000000e+03 4.905000000000000000e+03 3.000204572123262210e+02 -1.108756228454391568e+01 2.688725903221870439e+00 5.745943946453496487e+00 7.379045041371112140e-03 2.254970204881718843e-01 2.396255169100687255e-01 5.257272914553707821e-01 8.501196494595264497e-01 2.326256183956676438e-02 2.242718112862984725e-02 1.188307445994087573e-02 1.183002275166774794e-02
4.905000000000000000e+03 4.906000000000000000e+03 7.733577509642618963e+01 -1.108388695854822004e+01 2.010184018440203335e+00 5.685393619225674655e+00 -3.915655033547116130e-03 6.832688085068401307e-01 1.031384673441957389e+00 1.217687747335629123e+00 1.456695422767315673e+00 1.483715062747670288e-01 1.145886701111376027e-01 2.339245365039825317e-02 2.933764723375673414e-02
4.906000000000000000e+03 4.908000000000000000e+03 1.104477822443365795e+02 -1.268191928883591757e+01 5.017604146257478526e+00 5.616889738077068372e+00 1.081684178676909636e-01 6.987350266473519866e-01 7.269492090781071170e-01 1.199870555898909341e+00 1.480976075122666380e+00 1.857481001477090388e-02 2.088475669315048577e-02 1.204883177033258534e-02 1.185925765442255586e-02
4.908000000000000000e+03 4.909000000000000000e+03 8.095623773004237478e+01 -1.164321975986418778e+01 4.886571318296544675e+00 5.742639000472248512e+00 5.135041534727639856e-02 4.829614309661547367e-01 5.403166424977943194e-01 1.056705385874959546e+00 1.403989355445455445e+00 1.784029995994007578e-02 1.741195591275701560e-02 1.925618926485558879e-02 1.888922511105262103e-02
4.909000000000000000e+03 4.921000000000000000e+03 5.439221762492191914e+01 -1.133008278379532463e+01 3.378012740802772029e+00 5.617360153698803593e+00 6.430651292527690688e-02 7.371772037313792936e-01 8.777051345952653350e-01 1.156414530816034514e+00 1.473313520451022818e+00 6.381029826916950753e-02 5.487265834446208856e-02 3.208141629477553880e-02 3.003544853109753332e-02
4.921000000000000000e+03 4.922000000000000000e+03 2.267709871413049427e+02 -1.107523070176320346e+01 3.890846606832272236e+00 5.769141036472379191e+00 8.772453271740436598e-02 2.491396268478123233e-01 2.663764326282329620e-01 8.302092171397386089e-01 1.275622394353312927e+00 1.990467181550936715e-02 1.920733754069292587e-02 1.427514273164653957e-02 1.397134830988194798e-02
4.922000000000000000e+03 4.923000000000000000e+03 9.201090184149738604e+01 -1.069364184320305888e+01 2.191066545971711133e+00 5.601168971655718920e+00 3.134635825439188034e-02 4.589148718473197164e-01 5.445249421284419356e-01 8.315975678124960524e-01 1.237494530933211490e+00 7.677264768183977850e-02 6.995687140318196384e-02 2.202801780888059835e-02 2.234819739995123900e-02
4.923000000000000000e+03 4.924000000000000000e+03 2.006134397129764011e+02 -1.141117912018266267e+01 3.107983533544369070e+00 5.785903324962180960e+00 6.154942869290758178e-02 2.777400967800662812e-01 2.955603766523662301e-01 5.976132792950532568e-01 9.855249230902880520e-01 1.880896775815976696e-02 1.861866750165397377e-02 1.191862536573853187e-02 1.197447936906183286e-02
