Borne_inf Borne_sup Likelihood log(S0) log(Q) log(w0) Offset Errors_inf S0,Q,w0,Offset Errors_sup S0,Q,w0,Offset
3.320000000000000000e+03 3.340000000000000000e+03 0.000000000000000000e+00 -8.646507437438838650e+00 1.134493640243690038e+00 5.508769691840605276e+00 -1.892914046375316350e-01 1.802365815672954952e+00 2.392134610418646723e+00 1.965767956651740311e+00 2.015648617756605088e+00 2.673423735704005821e-01 2.141299673613445975e-01 1.806789124542355629e-01 9.630451418517797790e-02
3.340000000000000000e+03 3.492000000000000000e+03 0.000000000000000000e+00 -1.114769839195206202e+01 3.693273730198669114e+00 5.791049313163599166e+00 -1.605440946362973187e-01 1.072620259749687222e+00 1.222068092986544841e+00 1.434185701471876406e+00 1.615883851169160224e+00 6.547972544069757816e-02 5.266627266637868843e-02 3.687951945226441985e-02 3.960463889086433820e-02
3.492000000000000000e+03 3.666000000000000000e+03 0.000000000000000000e+00 -9.286981178630671963e+00 3.219222784381590152e+00 5.490124689679379166e+00 4.525367071350552828e-02 3.474611651385771882e+00 3.300418786003884275e+00 2.970708788574718984e+00 3.457954107601851845e+00 2.935951523183479850e-01 3.376288826867450688e-01 4.299299859774139976e-01 3.709981788507877853e-01
3.666000000000000000e+03 3.711000000000000000e+03 0.000000000000000000e+00 -1.077302533760546588e+01 3.116197912377668189e+00 5.691747964649536584e+00 9.946860813985845817e-02 6.046623945812417134e-01 7.161067036959991583e-01 1.040127506019395520e+00 1.385967603222941991e+00 5.579712408264514423e-02 4.979961017690825997e-02 3.541551736769345260e-02 3.506346101212064192e-02
3.711000000000000000e+03 3.768000000000000000e+03 0.000000000000000000e+00 -1.062488295720065246e+01 3.555674795072571559e+00 5.671979811927400306e+00 9.621206681647115344e-02 6.683286639082197667e-01 7.831300604660681453e-01 1.113655608818472365e+00 1.433611454892919079e+00 5.488220330824204046e-02 4.568509051751886568e-02 4.418335786531011472e-02 4.346179702296789488e-02
3.768000000000000000e+03 3.849000000000000000e+03 0.000000000000000000e+00 -1.132574540308551825e+01 3.441944189032877688e+00 5.638408196875897893e+00 8.180951626715783631e-02 6.047967032117844699e-01 6.919087919111444052e-01 1.011240524047490430e+00 1.347902146571714033e+00 4.566384246576227213e-02 4.273558114294027932e-02 2.251384271324933725e-02 2.200769284610505985e-02
3.849000000000000000e+03 3.905000000000000000e+03 0.000000000000000000e+00 -1.083927968243411399e+01 3.340198216202873827e+00 5.734235302314716343e+00 1.507279074946083486e-01 4.496832471026692701e-01 5.035928565159935033e-01 9.885306057690388393e-01 1.367602796070903626e+00 4.015514142264553499e-02 4.031904517773465813e-02 2.293893832113658160e-02 2.300643258339146735e-02
3.905000000000000000e+03 4.007000000000000000e+03 0.000000000000000000e+00 -1.298561295476791777e+01 5.957857109300725540e+00 5.802206758334158110e+00 7.789623878412657576e-02 2.953902215406777998e+00 3.156598191601968750e+00 3.138800464845354909e+00 2.770209830599256406e+00 8.501161406933999132e-02 5.356162960194055245e-02 6.559865431641490052e-02 3.623342138528275191e-02
4.007000000000000000e+03 4.035000000000000000e+03 0.000000000000000000e+00 -1.097280987204530689e+01 2.498809854028626987e+00 5.775326713674393986e+00 1.376476247741852642e-02 5.038848452480628737e-01 5.525117205738503401e-01 7.862080393503612097e-01 1.168765983011213816e+00 4.524366172602967140e-02 4.569693393029083950e-02 2.133969717157754853e-02 2.175527072653642841e-02
4.035000000000000000e+03 4.060000000000000000e+03 0.000000000000000000e+00 -1.108280821308605724e+01 3.689837191005988615e+00 5.699024128229348563e+00 3.569660104672604806e-02 2.667850165596807877e-01 2.834491143221100629e-01 7.957089710274392047e-01 1.234107101760357095e+00 2.005622179637578384e-02 1.982628028560351474e-02 1.346065610384241003e-02 1.351276880355638949e-02
4.060000000000000000e+03 4.093000000000000000e+03 0.000000000000000000e+00 -1.083643594083468642e+01 3.752659928055224192e+00 5.698321284989782853e+00 -5.807101105701573118e-02 4.162997338634433220e-01 4.594488669367819966e-01 9.720919752550511994e-01 1.368215112055351845e+00 3.254820804775793164e-02 3.141103439834580513e-02 2.343144539482348854e-02 2.419079596025202478e-02
4.093000000000000000e+03 4.206000000000000000e+03 0.000000000000000000e+00 -1.056454677706084233e+01 3.169352193414458174e+00 5.719102988433707679e+00 -4.402047161906972456e-02 2.022797662965090948e-01 2.138435379404075576e-01 6.222672617420591523e-01 1.006160129289054295e+00 2.054706622336540181e-02 2.017277622767821299e-02 1.318531794174082790e-02 1.309297170645122577e-02
4.206000000000000000e+03 4.226000000000000000e+03 0.000000000000000000e+00 -1.079364387534173630e+01 3.492616332497692877e+00 5.716982115849411628e+00 -3.415435470206606289e-02 3.121312575045991911e-01 3.352525272156832159e-01 7.606506315684707920e-01 1.199678248864894048e+00 2.086520567850769226e-02 2.067987796155061272e-02 1.801788688873396174e-02 1.816713520001812451e-02
4.226000000000000000e+03 4.238000000000000000e+03 0.000000000000000000e+00 -1.146878375776888426e+01 3.871715464888827896e+00 5.718098373854474836e+00 -8.173870493872191501e-02 4.760677558263865516e-01 5.219947596023223335e-01 9.674106521314315144e-01 1.342540353457798430e+00 2.844371233279296973e-02 2.679407747735051970e-02 1.935235884404419224e-02 1.930262278432941583e-02
4.238000000000000000e+03 4.525000000000000000e+03 0.000000000000000000e+00 -1.141207044634964873e+01 3.331330712245843984e+00 5.749202473450450768e+00 -5.254020278821593809e-02 1.051527913092536792e+00 2.745488893491786264e+00 2.353745757767396363e+00 1.689311153071299199e+00 5.906026342335888440e-02 1.197177550829630760e-01 3.895593703052532830e-02 2.975463137350784631e-02
4.525000000000000000e+03 4.786000000000000000e+03 0.000000000000000000e+00 -1.047770663344341813e+01 3.263041482167203355e+00 5.703226192699426988e+00 -9.276216285164043396e-02 2.937831071976333419e-01 3.221996379034148816e-01 7.875830885306913665e-01 1.211270737835933531e+00 2.901563646134430741e-02 2.770515340225454537e-02 2.092762742224743566e-02 2.106278822254455119e-02
4.786000000000000000e+03 4.827000000000000000e+03 0.000000000000000000e+00 -1.172643732641570757e+01 3.365696826143776743e+00 6.118781430034755608e+00 -5.012040560659852123e-02 1.100273520786074544e+00 7.664818065991779727e-01 1.155353553432649338e+00 1.856124638556214457e+00 5.219260790486668355e-02 2.750946927497880876e-02 1.895714513961884243e-02 2.053781485026831902e-02
4.827000000000000000e+03 4.905000000000000000e+03 0.000000000000000000e+00 -1.077164141015011012e+01 2.610511453946971816e+00 5.730493952808903835e+00 2.916357112165211818e-02 2.273888903332460243e-01 2.436346185858392632e-01 5.373892888993770933e-01 8.645294995518862935e-01 2.503399363234759534e-02 2.442450424818787269e-02 1.379641170727715326e-02 1.370894218900725083e-02
4.905000000000000000e+03 4.921000000000000000e+03 0.000000000000000000e+00 -1.168870281483025764e+01 3.824957311038088559e+00 5.665832682937728570e+00 5.460447375703265938e-02 6.501722221103047872e-01 7.735781378406456632e-01 1.149419104670955427e+00 1.455414555906666907e+00 6.120955097766622721e-02 5.102182917350694957e-02 2.154798820240815677e-02 2.194951625293069253e-02
4.921000000000000000e+03 4.924000000000000000e+03 0.000000000000000000e+00 -1.105829477556594043e+01 3.068976594030832228e+00 5.718011609453964361e+00 6.011944259289003084e-02 3.286749877466927927e-01 3.673114290020429995e-01 7.572992952466292005e-01 1.172387723951750393e+00 3.821111291739676119e-02 3.583284606880739881e-02 1.610055266925774706e-02 1.612256367260125542e-02
