Borne_inf Borne_sup log(S0) log(Q) log(w0) Offset Errors_inf S0,Q,w0,Offset Errors_sup S0,Q,w0,Offset
3.320000000000000000e+03 3.340000000000000000e+03 0.000000000000000000e+00 -8.723687125480909188e+00 1.212073278111860386e+00 5.508894285871042129e+00 -1.894281030274448108e-01 1.757693076559506906e+00 2.261881673642579749e+00 1.879431420014571197e+00 1.988564998421870289e+00 2.661966440523739763e-01 2.037146624847023801e-01 1.707414933177097971e-01 9.163559128985010460e-02
3.340000000000000000e+03 3.492000000000000000e+03 0.000000000000000000e+00 -1.113401209112153545e+01 3.677529531683887409e+00 5.789236629267996648e+00 -1.601969505662778626e-01 1.074349719389084967e+00 1.239589622347212483e+00 1.441488908425499371e+00 1.662351582067123079e+00 6.739715961357628515e-02 5.204910877319068874e-02 3.761014185899624884e-02 3.998050316226461898e-02
3.492000000000000000e+03 3.666000000000000000e+03 0.000000000000000000e+00 -9.303683860031590314e+00 3.212031907292161481e+00 5.497117103111679448e+00 4.367273551125806785e-02 3.570086021277683486e+00 3.289061747740815278e+00 2.961992557533354553e+00 3.552625976739781866e+00 2.965862754531984891e-01 3.473707172169402391e-01 4.356235087578104181e-01 3.395501637793106875e-01
3.666000000000000000e+03 3.711000000000000000e+03 0.000000000000000000e+00 -1.076743893464312052e+01 3.106430060654961078e+00 5.692042131849353481e+00 1.002802571112759999e-01 6.067030020970287651e-01 7.072974142174457413e-01 1.036820580101709410e+00 1.413593921790519570e+00 5.538376645981157864e-02 4.973415916870971287e-02 3.545567695553526744e-02 3.464912477225132875e-02
3.711000000000000000e+03 3.768000000000000000e+03 0.000000000000000000e+00 -1.061753763765489644e+01 3.560953939933925838e+00 5.670818704348877581e+00 9.595191214633343180e-02 6.752950732907047060e-01 7.816427316327517749e-01 1.120128291476366611e+00 1.446450021753493687e+00 5.501013027896976132e-02 4.567289794450246632e-02 4.463819518218850591e-02 4.345261581154049452e-02
3.768000000000000000e+03 3.849000000000000000e+03 0.000000000000000000e+00 -1.132652453180079632e+01 3.451941707079973831e+00 5.638681274963507128e+00 8.192656900125123987e-02 6.087106555775166905e-01 6.979842444315875749e-01 1.023326149009923469e+00 1.342079178940112305e+00 4.586549787383642496e-02 4.282633308745849993e-02 2.240564900063274009e-02 2.203914216397805451e-02
3.849000000000000000e+03 3.905000000000000000e+03 0.000000000000000000e+00 -1.082696248359445690e+01 3.332904361538169269e+00 5.735247970426205377e+00 1.509046765024525116e-01 4.553841176365480692e-01 5.048915119317172184e-01 9.829546576284386994e-01 1.357549288656030306e+00 4.096078681286563494e-02 4.041459924240697887e-02 2.310909796782911751e-02 2.328427117344480934e-02
3.905000000000000000e+03 4.007000000000000000e+03 0.000000000000000000e+00 -1.302415556993861578e+01 5.981528703824280591e+00 5.802144668804539940e+00 7.834530742653396385e-02 2.887099778302960829e+00 3.134878898383167467e+00 3.131655668696496253e+00 2.725640402191673139e+00 8.141845704080186152e-02 5.383203963323790475e-02 6.117208111967369771e-02 3.668540119168080260e-02
4.007000000000000000e+03 4.035000000000000000e+03 0.000000000000000000e+00 -1.096983667717270094e+01 2.492997282075536170e+00 5.776917920563311881e+00 1.412692262226837060e-02 5.029622151980053246e-01 5.429781869279270978e-01 7.807983344716555862e-01 1.166769580936525497e+00 4.598782385745892043e-02 4.547178390097705858e-02 2.191698310977446135e-02 2.156558501994059601e-02
4.035000000000000000e+03 4.060000000000000000e+03 0.000000000000000000e+00 -1.108197596699159959e+01 3.676571529289883511e+00 5.698942853119987717e+00 3.549313229724366386e-02 2.664507444155077565e-01 2.840792223876733580e-01 7.890090986729222378e-01 1.238158823522220953e+00 1.989660971849760429e-02 1.975766370882747758e-02 1.353390823267382886e-02 1.349697728584129536e-02
4.060000000000000000e+03 4.093000000000000000e+03 0.000000000000000000e+00 -1.083149864946570418e+01 3.724475692697421181e+00 5.698346643754518936e+00 -5.834002704544394291e-02 4.165068027981959631e-01 4.496408758926975224e-01 9.501034996057144966e-01 1.353343674212547754e+00 3.268827715047706306e-02 3.154881933866438004e-02 2.361708862899404571e-02 2.439414085397805659e-02
4.093000000000000000e+03 4.206000000000000000e+03 0.000000000000000000e+00 -1.056575859891023228e+01 3.177082187856697715e+00 5.719433402397092969e+00 -4.405973732669581783e-02 2.041655297702250349e-01 2.159326074017382524e-01 6.308806236202904039e-01 1.018665941192218316e+00 2.068088166331379443e-02 2.025408001328947091e-02 1.324192787540173603e-02 1.303870888271364652e-02
4.206000000000000000e+03 4.226000000000000000e+03 0.000000000000000000e+00 -1.078960943907122960e+01 3.473169662430930504e+00 5.717186923676986332e+00 -3.387259963292080234e-02 3.124338156374062980e-01 3.391634703975056619e-01 7.558964854758559726e-01 1.201375035202413732e+00 2.102442313380621999e-02 2.079716486569764197e-02 1.805302046557117138e-02 1.809727110052218937e-02
4.226000000000000000e+03 4.238000000000000000e+03 0.000000000000000000e+00 -1.147498604234273678e+01 3.866937889974076725e+00 5.718160967295657038e+00 -8.170706210178803330e-02 4.704196038711063177e-01 5.226597117102990131e-01 9.599359581784554507e-01 1.347778669196587176e+00 2.822226736839065706e-02 2.679738395624964298e-02 1.943736159153290274e-02 1.927713285282251290e-02
4.238000000000000000e+03 4.525000000000000000e+03 0.000000000000000000e+00 -1.142328915228450370e+01 3.348835915247016182e+00 5.747956275393658387e+00 -5.229692679999854710e-02 1.048440038523243079e+00 2.528628304049871822e+00 2.242796924785840140e+00 1.664598140166903217e+00 5.984354672634868699e-02 1.041952085884672030e-01 3.521712188615293282e-02 2.882540862718201494e-02
4.525000000000000000e+03 4.786000000000000000e+03 0.000000000000000000e+00 -1.047332182090514507e+01 3.262250111398933949e+00 5.703340440432294045e+00 -9.321471077112974957e-02 2.927708128123711617e-01 3.243617657816297850e-01 7.980800378475043644e-01 1.246174172593109919e+00 2.929070920335874462e-02 2.894138968383863642e-02 2.129187883014735383e-02 2.106032647929848012e-02
4.786000000000000000e+03 4.827000000000000000e+03 0.000000000000000000e+00 -1.172623280972505633e+01 3.379331167567035887e+00 6.119029994070371181e+00 -4.987589564529645164e-02 9.740993374419369966e-01 7.149219726346812687e-01 1.124998817568812592e+00 1.753469240286017694e+00 4.755997381089679260e-02 2.773206951394868724e-02 1.879350961445778664e-02 2.030571756152963273e-02
4.827000000000000000e+03 4.905000000000000000e+03 0.000000000000000000e+00 -1.077141912491831555e+01 2.604215081805429488e+00 5.730625450216829897e+00 2.899446650275614920e-02 2.268221271173012921e-01 2.437592605890177566e-01 5.325748157754577328e-01 8.647303823304007819e-01 2.529739063975474170e-02 2.449883213365655621e-02 1.367226391413073339e-02 1.369506234112087724e-02
4.905000000000000000e+03 4.921000000000000000e+03 0.000000000000000000e+00 -1.169037136870250215e+01 3.823741359958257036e+00 5.666459362281935697e+00 5.491164827467959197e-02 6.491299921444335652e-01 7.769210781783466579e-01 1.144149261763265590e+00 1.451103788093082825e+00 6.138259309676863396e-02 5.108710148477424440e-02 2.163878781342629815e-02 2.210148775313158093e-02
4.921000000000000000e+03 4.924000000000000000e+03 0.000000000000000000e+00 -1.105977284011226480e+01 3.060652304552183622e+00 5.718458432100550048e+00 6.007599898171811503e-02 3.291735903838913235e-01 3.725366583226043526e-01 7.587087151566030974e-01 1.164490665940094427e+00 3.810286436691079359e-02 3.588274696231863459e-02 1.605222354450052541e-02 1.613026653425570292e-02
