Borne_inf Borne_sup Likelihood log(S0) log(Q) log(w0) Offset Errors_inf S0,Q,w0,Offset Errors_sup S0,Q,w0,Offset
3.320000000000000000e+03 3.340000000000000000e+03 0.000000000000000000e+00 -8.690542710855641673e+00 1.192922250847530119e+00 5.501828065772537357e+00 -1.894662119342323536e-01 1.771662602097713091e+00 2.214631674676741824e+00 1.848905719928434888e+00 1.973040639269468155e+00 2.656357053874973673e-01 2.017915655734832114e-01 1.709094463334289715e-01 9.377633126900145055e-02
3.340000000000000000e+03 3.492000000000000000e+03 0.000000000000000000e+00 -1.113821132622415888e+01 3.685508687959688778e+00 5.790246352048536771e+00 -1.599056449432657290e-01 1.078577856215332531e+00 1.235140193937983355e+00 1.440918509017338422e+00 1.643946596349779909e+00 6.674776518475677989e-02 5.223443766700253121e-02 3.681671229649233212e-02 4.029950195075765462e-02
3.492000000000000000e+03 3.666000000000000000e+03 0.000000000000000000e+00 -9.267343487339879005e+00 3.162406172371851287e+00 5.499406403584809588e+00 4.561114340936647110e-02 3.500861839782823282e+00 3.339332383682716454e+00 2.976820443275248973e+00 3.521002809963410751e+00 2.981895103007943248e-01 3.443935057015585777e-01 4.339102192372778499e-01 3.551781515920067744e-01
3.666000000000000000e+03 3.711000000000000000e+03 0.000000000000000000e+00 -1.077635940407040671e+01 3.103199084255299223e+00 5.692429464253817351e+00 9.979899094476921140e-02 6.067524832114079558e-01 7.106462679102065749e-01 1.040268030605187466e+00 1.395453038764051801e+00 5.502657841803770822e-02 4.956319307755308046e-02 3.535981281662509829e-02 3.498776536421647348e-02
3.711000000000000000e+03 3.768000000000000000e+03 0.000000000000000000e+00 -1.061908380020037690e+01 3.558111958308316503e+00 5.670864632335021582e+00 9.605689931328770248e-02 6.743650364200508562e-01 7.834986813773733294e-01 1.115687316671708063e+00 1.451577584391638309e+00 5.542884825093915419e-02 4.584113607380787409e-02 4.458975815596971648e-02 4.308475650508383076e-02
3.768000000000000000e+03 3.849000000000000000e+03 0.000000000000000000e+00 -1.133043038368617772e+01 3.453365851484416105e+00 5.638501251293120298e+00 8.195616053768282894e-02 6.077405130629660590e-01 6.970920824468892496e-01 1.016117893256691440e+00 1.349581222846664152e+00 4.568453032974328920e-02 4.238650985239354740e-02 2.239647464859354301e-02 2.187214991145199419e-02
3.849000000000000000e+03 3.905000000000000000e+03 0.000000000000000000e+00 -1.081381550580030293e+01 3.295469745673518691e+00 5.734547117752897272e+00 1.506321689346396819e-01 4.551171950906915953e-01 5.043113681144468785e-01 9.764954860462120578e-01 1.359991710884349114e+00 4.093129240405612990e-02 4.046010876840711035e-02 2.299720688481776687e-02 2.324407928829169689e-02
3.905000000000000000e+03 4.007000000000000000e+03 0.000000000000000000e+00 -1.296496429359121905e+01 5.925733106339665213e+00 5.802041091336336720e+00 7.795469642815705535e-02 2.916205451904291479e+00 3.164259973913541302e+00 3.115984506391439535e+00 2.751199459931873648e+00 8.579367518355773825e-02 5.332719487561732308e-02 6.546257186196056954e-02 3.687266687020733513e-02
4.007000000000000000e+03 4.035000000000000000e+03 0.000000000000000000e+00 -1.097005957179667668e+01 2.507573124185586977e+00 5.776363761055661961e+00 1.372476557443367239e-02 5.070733411784225098e-01 5.496077330502391334e-01 7.876406572642868920e-01 1.171775891668264791e+00 4.575715978619943058e-02 4.598223026819336923e-02 2.173996850236416950e-02 2.155225337840033922e-02
4.035000000000000000e+03 4.060000000000000000e+03 0.000000000000000000e+00 -1.108222497775495619e+01 3.676550670239427721e+00 5.699150472056897065e+00 3.551561502267576442e-02 2.670587588146537961e-01 2.839870903983805484e-01 7.876397379006689903e-01 1.228007289484593922e+00 2.003551596784292066e-02 1.970452286743351600e-02 1.343688708025446085e-02 1.350208063179645160e-02
4.060000000000000000e+03 4.093000000000000000e+03 0.000000000000000000e+00 -1.083282141099551765e+01 3.743854881551577751e+00 5.698729632146868340e+00 -5.824743248151733471e-02 4.156085455375180260e-01 4.536222829405307522e-01 9.574019892751173266e-01 1.350509335832591251e+00 3.301613550675064346e-02 3.149321412083505578e-02 2.355424230037708039e-02 2.433385258006062063e-02
4.093000000000000000e+03 4.206000000000000000e+03 0.000000000000000000e+00 -1.056458872076298938e+01 3.171685788455735011e+00 5.718982406968010856e+00 -4.416673620449910326e-02 2.018146637688982281e-01 2.146179211412236609e-01 6.230717741737596960e-01 1.010154290823320755e+00 2.053080457550867169e-02 2.034018921506793379e-02 1.318323889318638066e-02 1.308871107361107670e-02
4.206000000000000000e+03 4.226000000000000000e+03 0.000000000000000000e+00 -1.079176930601830975e+01 3.479266340833709226e+00 5.717115573377239635e+00 -3.394962084070300701e-02 3.114869205101993832e-01 3.365479544368952247e-01 7.547524207061160340e-01 1.194124466123038131e+00 2.107725172155738846e-02 2.060572258242062207e-02 1.811001695885548421e-02 1.801379141164865041e-02
4.226000000000000000e+03 4.238000000000000000e+03 0.000000000000000000e+00 -1.147148168910292121e+01 3.865758582314697378e+00 5.718126610333581716e+00 -8.175964349005596099e-02 4.749972611309972170e-01 5.204593488994415651e-01 9.618896965190592008e-01 1.345349217264008024e+00 2.852354607605400716e-02 2.680113466087903976e-02 1.930279208782068739e-02 1.927051431192671263e-02
4.238000000000000000e+03 4.525000000000000000e+03 0.000000000000000000e+00 -1.141478905721320203e+01 3.343546030873731922e+00 5.748339395966226562e+00 -5.221825126111404730e-02 1.045776899383587644e+00 2.581643382386211272e+00 2.275491204629608966e+00 1.656503494994391534e+00 5.936381121509252956e-02 1.022432728848144678e-01 3.414858535446974042e-02 2.934037520795305595e-02
4.525000000000000000e+03 4.786000000000000000e+03 0.000000000000000000e+00 -1.047779541300131179e+01 3.253926161623219571e+00 5.702963127519730335e+00 -9.268951240733594443e-02 2.911634500272057835e-01 3.205173132022718363e-01 7.769432839355361331e-01 1.233871654116560634e+00 2.855859478726774370e-02 2.774961750744964206e-02 2.112659165744776302e-02 2.071230319643216355e-02
4.786000000000000000e+03 4.827000000000000000e+03 0.000000000000000000e+00 -1.173945948040939946e+01 3.405986560119738105e+00 6.119254089861722257e+00 -5.027956796295346420e-02 1.091760062551595967e+00 7.620953648531175739e-01 1.180271170007854087e+00 1.843690504072696967e+00 4.864288216524759179e-02 2.724621957549307541e-02 1.905325458921252810e-02 2.041902401881482906e-02
4.827000000000000000e+03 4.905000000000000000e+03 0.000000000000000000e+00 -1.077365371847903397e+01 2.617076718611078601e+00 5.730860992443719049e+00 2.906913448283850523e-02 2.253529725498406577e-01 2.431226197354252605e-01 5.374777642565408131e-01 8.733599290806277615e-01 2.518428742526612751e-02 2.434009013098166821e-02 1.367796262555629784e-02 1.373570956476863857e-02
4.905000000000000000e+03 4.921000000000000000e+03 0.000000000000000000e+00 -1.168477719776091384e+01 3.823093055949249752e+00 5.665570627868449449e+00 5.497742277667429234e-02 6.505356174629315369e-01 7.940889149032810401e-01 1.157669554981383131e+00 1.453743593446614968e+00 6.214922862966187900e-02 5.193951026537679816e-02 2.169472274509049239e-02 2.253039463258236022e-02
4.921000000000000000e+03 4.924000000000000000e+03 0.000000000000000000e+00 -1.106001722171630774e+01 3.063298895449450665e+00 5.718737777696759395e+00 6.020677322156794270e-02 3.285981984917327736e-01 3.688205838030136907e-01 7.531400214157626394e-01 1.166213949458937416e+00 3.849542908516963985e-02 3.592762548184295218e-02 1.607392863542188993e-02 1.609800835963167212e-02
