Borne_inf Borne_sup Likelihood log(S0) log(Q) log(w0) Offset Errors_inf S0,Q,w0,Offset Errors_sup S0,Q,w0,Offset
3.320000000000000000e+03 3.340000000000000000e+03 3.650429648686421302e+01 -8.721880157547916568e+00 1.238369721696195747e+00 5.503366554456773585e+00 -1.891077477232419590e-01 1.762097546092309841e+00 2.265795175695425989e+00 1.901841911129476426e+00 2.003712549354970118e+00 2.631847007476961764e-01 1.997709439001660314e-01 1.782251079855855513e-01 9.158483320904473035e-02
3.340000000000000000e+03 3.492000000000000000e+03 4.439406168039490552e+01 -1.115219778829581720e+01 3.713135125546636939e+00 5.790812298694514304e+00 -1.604369576364349514e-01 1.078736946444509570e+00 1.232772958375436545e+00 1.450620786283713937e+00 1.627190257933101680e+00 6.591057504295338987e-02 5.168865572962566546e-02 3.664019819557551294e-02 3.969699955691616267e-02
3.492000000000000000e+03 3.666000000000000000e+03 1.055353051225647576e+01 -9.957571636643375967e+00 3.514222762172923176e+00 5.512194782929882741e+00 5.700444097926849613e-03 4.248559342334804256e+00 2.680265942587539030e+00 2.597815437849694487e+00 4.389422422714433836e+00 1.675483742955927724e-01 1.273958777423649380e-01 1.063230857153286274e-01 1.610773947244602822e-01
3.666000000000000000e+03 3.711000000000000000e+03 1.238647508850043835e+02 -1.094067663093763620e+01 3.135354680236291713e+00 5.693774985349516982e+00 1.060200225889102732e-01 4.143288195983334532e-01 4.540011656915563520e-01 7.262553187152214207e-01 8.956882684896321223e-01 3.313680326555346056e-02 3.195295373557893726e-02 2.123895613518347880e-02 2.111423120330030434e-02
3.711000000000000000e+03 3.768000000000000000e+03 1.270030267549216205e+02 -1.009735250791021954e+01 2.921124588188733995e+00 5.665876119106044939e+00 9.901119952365183829e-02 3.515917987547556578e-01 3.780827552515440004e-01 5.810652872478296871e-01 6.987696481948271199e-01 3.001660218083390674e-02 2.800577103475632157e-02 2.547979449569828803e-02 2.479348617505838792e-02
3.768000000000000000e+03 3.849000000000000000e+03 8.360292070635030086e+02 -1.098876331828844322e+01 2.961819432235098581e+00 5.664855174355627909e+00 8.146074722924707967e-02 1.532948555900812693e-01 1.593816699735253195e-01 3.077730622468703992e-01 3.562699102898538861e-01 1.218163543416039829e-02 1.211018364909666190e-02 8.083638558304517829e-03 7.946635139645608081e-03
3.849000000000000000e+03 3.905000000000000000e+03 5.061605495584608860e+01 -1.082466850476405007e+01 3.317489513214433750e+00 5.735088439017453688e+00 1.503751487496192696e-01 4.531395865266816259e-01 5.094319389926713626e-01 9.846351080374784459e-01 1.379852898391628280e+00 4.115843891650250441e-02 4.065146437352140651e-02 2.316872942659733980e-02 2.317079693291707043e-02
3.905000000000000000e+03 4.007000000000000000e+03 1.012210377468724509e+01 -1.305421076305571759e+01 6.024909387361537583e+00 5.802322759938003394e+00 7.796783341812178747e-02 2.914381544351062558e+00 3.190043956909272893e+00 3.151637026559561683e+00 2.714487359930126686e+00 8.185132526739202774e-02 5.306428959060482953e-02 6.404358804362045299e-02 3.654944605539610369e-02
4.007000000000000000e+03 4.035000000000000000e+03 5.774017450926841377e+01 -1.097390706063501398e+01 2.511462230030611309e+00 5.776303009681114098e+00 1.409817159400076660e-02 5.072259353247687841e-01 5.477478196586123005e-01 7.926390519888821817e-01 1.181237551948226994e+00 4.540374112707379339e-02 4.529963409933479568e-02 2.150719626433761009e-02 2.175611488773082636e-02
4.035000000000000000e+03 4.060000000000000000e+03 5.255281730679723751e+02 -1.105025242094411375e+01 3.360118139882660504e+00 5.705928699156740613e+00 3.468087418542354500e-02 1.279996258541356013e-01 1.312563885570767752e-01 3.619522103502066379e-01 4.608276122223875504e-01 1.013994346846747163e-02 1.018194450501752613e-02 6.802324203096551947e-03 6.741684669934841501e-03
4.060000000000000000e+03 4.093000000000000000e+03 7.221279818736765321e+01 -1.083926497709962433e+01 3.755473701382251228e+00 5.699208638206773259e+00 -5.867789408840619336e-02 4.150362044497981628e-01 4.515709323083108018e-01 9.534593587571222884e-01 1.369476832702104296e+00 3.315168845956240062e-02 3.119825955955857211e-02 2.375883682949996023e-02 2.419630566196987603e-02
4.093000000000000000e+03 4.206000000000000000e+03 7.960733911241383112e+02 -1.061225631480947307e+01 3.048227614152668963e+00 5.724077652581181397e+00 -4.347660106783933498e-02 1.158739484556257082e-01 1.190503838786565183e-01 3.356434014531868293e-01 4.340518527935621762e-01 1.037656106497308883e-02 1.053236672910351501e-02 7.339833543048610021e-03 7.281211608091461840e-03
4.206000000000000000e+03 4.226000000000000000e+03 3.849105311419677946e+02 -1.086918035252301351e+01 3.312294662051399552e+00 5.717914854062277286e+00 -3.427749302519517149e-02 1.764842307086791351e-01 1.860829460329931351e-01 4.157004077930102071e-01 5.494661469359454209e-01 1.117308712652942404e-02 1.135910587942490224e-02 9.935513425009062649e-03 9.839556861595898096e-03
4.226000000000000000e+03 4.238000000000000000e+03 4.657110462335705279e+02 -1.114729496572613243e+01 3.302652621112126319e+00 5.712428112030115912e+00 -8.735916305135564552e-02 1.667061027533875972e-01 1.723074977642529149e-01 3.541876555607341714e-01 4.124070871876388544e-01 1.148006065950735177e-02 1.047606779844922897e-02 8.220539792021377967e-03 8.261196649310201257e-03
4.238000000000000000e+03 4.525000000000000000e+03 2.438943678911823554e+02 -1.058477064910686494e+01 2.322519860643438960e+00 5.725596055672471429e+00 -4.840319792351081146e-02 2.180531637614695484e-01 2.336511326139483202e-01 3.742760108456857360e-01 4.397779275478370664e-01 2.446057507264320918e-02 2.437883112542760244e-02 1.339148283763137021e-02 1.324317295345307788e-02
4.525000000000000000e+03 4.786000000000000000e+03 1.629463750365675310e+02 -1.047923461508533016e+01 3.272443861568516077e+00 5.702683560210646263e+00 -9.251790087058792134e-02 2.936646599142669345e-01 3.192252560406103612e-01 7.945958885991704079e-01 1.246130428828061021e+00 2.884484540159437671e-02 2.752572452480794851e-02 2.104156083250242892e-02 2.079323278906508587e-02
4.786000000000000000e+03 4.827000000000000000e+03 1.269151214055217451e+02 -9.943098607186694693e+00 2.322276616325741116e+00 5.711955289264254887e+00 4.090694920263459808e-03 2.211949648642814736e-01 2.346456414857698292e-01 3.926103058227570219e-01 4.916266066433596649e-01 2.299768827289305761e-02 2.287119906994306007e-02 1.691868886306677200e-02 1.731472011139432998e-02
4.827000000000000000e+03 4.905000000000000000e+03 7.748148111154328035e+02 -1.069984411489484444e+01 2.424881278140801122e+00 5.727167281344977212e+00 2.939552484934341431e-02 1.318358875539527020e-01 1.358171586336673897e-01 2.853586397187743984e-01 3.596098653498716047e-01 1.474866155388987465e-02 1.446810573639822906e-02 8.135931333215468131e-03 8.024253513146076267e-03
4.905000000000000000e+03 4.921000000000000000e+03 3.159588022493705921e+02 -1.105353387626233719e+01 3.208695398721146841e+00 5.704674432418631369e+00 5.215364957271276247e-02 2.440856605774044397e-01 2.555735206420575167e-01 4.650247352002163659e-01 5.553874809528518419e-01 1.883502731443176259e-02 1.864740332545178347e-02 1.250198770845402374e-02 1.229457681136575387e-02
4.921000000000000000e+03 4.924000000000000000e+03 5.530106205943590112e+02 -1.106422698975900687e+01 2.995309246513384593e+00 5.767282458979130055e+00 6.420708066094697741e-02 1.655927480030179311e-01 1.724104795392076284e-01 3.888138776781038253e-01 5.088863121096585118e-01 1.437780549437395194e-02 1.411142410633381417e-02 8.843732977574403353e-03 8.871234382356527060e-03
