Borne_inf Borne_sup Likelihood log(S0) log(Q) log(w0) Offset Errors_inf S0,Q,w0,Offset Errors_sup S0,Q,w0,Offset
3.320000000000000000e+03 3.340000000000000000e+03 4.187263194232472330e+01 -8.715584529490280730e+00 1.188975243474841736e+00 5.509718646085269178e+00 -1.899196476823779567e-01 1.776988952462208005e+00 2.299832836865772556e+00 1.902875950274400374e+00 1.985363460368113842e+00 2.634662608399862549e-01 2.020226975252388257e-01 1.791976476261972762e-01 9.163845643943639707e-02
3.340000000000000000e+03 3.492000000000000000e+03 4.329056320416729164e+01 -1.114174368715419305e+01 3.682804867703037388e+00 5.790267323362543017e+00 -1.597411504679537297e-01 1.065192196073452280e+00 1.234164928693509466e+00 1.426357133028299362e+00 1.629430435480037964e+00 6.721759648541514309e-02 5.239233973456602911e-02 3.707335602469269409e-02 4.034974005467431568e-02
3.492000000000000000e+03 3.494000000000000000e+03 7.110458709664762011e+00 -1.081790598467884479e+01 5.026511181124504901e+00 5.463754744770328742e+00 9.222375736509820510e-02 3.658184386726347270e+00 3.795654467363220874e+00 3.726765878454054270e+00 3.406291977943103788e+00 3.262066180395555293e-01 4.440177569325456375e-01 6.648022615055341200e-01 3.425478240243327033e-01
3.494000000000000000e+03 3.666000000000000000e+03 5.836470514781238350e+00 -7.795852584253281314e+00 1.436620124690560996e+00 5.531966444938261951e+00 -1.555231850127299087e-03 3.266185271588532224e+00 2.742078156569147218e+00 2.210514987493829686e+00 3.459579565509243171e+00 2.736259061096246725e-01 2.465077922608021055e-01 1.963019019050773473e-01 3.649747911864576477e-01
3.666000000000000000e+03 3.668000000000000000e+03 4.455496908656189703e+01 -1.020045952683581625e+01 2.960793790751995225e+00 5.668709989667292781e+00 8.350010772093266476e-02 6.841374416081258403e-01 8.068300508354315781e-01 1.136237844457927526e+00 1.482079115303366557e+00 6.793398354996771360e-02 5.998100265298056399e-02 4.786124658602021464e-02 4.638604146920410898e-02
3.668000000000000000e+03 3.711000000000000000e+03 7.345073457099496750e+01 -1.132393800084710023e+01 3.235939634046843150e+00 5.714402073960304307e+00 1.166001428330116635e-01 5.332382014290093508e-01 6.125563953945469819e-01 9.441510629748330885e-01 1.339962456006976499e+00 4.343445265268730537e-02 4.045796295457471103e-02 2.292616773865133184e-02 2.374664042737655023e-02
3.711000000000000000e+03 3.712000000000000000e+03 4.198377561171566441e+01 -1.030248669613220081e+01 2.752945258747104162e+00 5.693076411139610826e+00 1.188912577136432974e-01 7.580932812671274945e-01 8.928648333493551803e-01 1.130077251257561421e+00 1.476983274533049340e+00 6.619797059447662946e-02 5.525079155442469414e-02 4.352851781556134336e-02 4.388468221213771836e-02
3.712000000000000000e+03 3.713000000000000000e+03 7.000478533625059185e+01 -1.242841836884779738e+01 5.212912524814518278e+00 5.718612470685314975e+00 1.517353558741149910e-01 6.508514971572800789e-01 6.956696302680303035e-01 1.164866476754670366e+00 1.461316005808188656e+00 1.666092262661056367e-02 1.688274337586204155e-02 1.539311306156523895e-02 1.550815006529329687e-02
3.713000000000000000e+03 3.768000000000000000e+03 3.721024320458426615e+01 -9.104512933912332073e+00 2.665205598201855430e+00 5.602871198106850414e+00 1.870639110574905464e-02 6.223586672068766035e-01 7.771110651813479819e-01 1.037522053580133274e+00 1.393955220916750726e+00 8.347291662108524690e-02 6.589602266832894628e-02 7.655192516162920291e-02 7.010376431575256195e-02
3.768000000000000000e+03 3.769000000000000000e+03 4.181793331314866009e+02 -1.101140427461634808e+01 3.348232913878836481e+00 5.678461372483170067e+00 7.742079185661071561e-02 2.197868785980912065e-01 2.339650305915110806e-01 6.321932197862762948e-01 1.043528800338132445e+00 1.673172939806022441e-02 1.638151656277653245e-02 1.157425026379543809e-02 1.163356672849551188e-02
3.769000000000000000e+03 3.770000000000000000e+03 1.001517904043860199e+02 -1.093952822840659245e+01 1.778305959330618968e+00 5.604705463945559352e+00 1.286858165989187563e-01 5.132202345729339754e-01 6.304891821368219240e-01 7.049257898584087023e-01 1.049923255983731707e+00 7.926997700112980993e-02 7.163858587748883622e-02 2.562617646306210306e-02 2.509431490930899566e-02
3.770000000000000000e+03 3.771000000000000000e+03 8.061205879054422496e+01 -1.182334729924438221e+01 4.129912527354561824e+00 5.622123749780155499e+00 4.595932886955827329e-02 7.316038292933484399e-01 8.355103738462190677e-01 1.208864096799429522e+00 1.485617846704498923e+00 3.132131595599574325e-02 3.177585999249643578e-02 1.922946510104895507e-02 1.969544350676618455e-02
3.771000000000000000e+03 3.772000000000000000e+03 4.862994074561337499e+01 -1.095761249533432391e+01 2.621263400068989391e+00 5.612270531221944303e+00 1.421502686684047445e-01 7.420093419523752232e-01 9.283292003938967696e-01 1.078164786748305071e+00 1.383721564603273890e+00 6.654258102841126288e-02 5.954548199001674647e-02 3.007784537483411402e-02 2.836504789136273796e-02
3.772000000000000000e+03 3.773000000000000000e+03 8.113431196914118004e+01 -1.148773534912241701e+01 3.165233724011869754e+00 5.668830148937244573e+00 3.562665857382076029e-02 6.421108125301202563e-01 7.729396790653453309e-01 1.161221884982971186e+00 1.485807355387738227e+00 7.406733048054370272e-02 6.869386510017960745e-02 2.198084840974645626e-02 2.230641725585780222e-02
3.773000000000000000e+03 3.774000000000000000e+03 7.292161832095280261e+01 -1.142678680172069150e+01 4.370830603172313644e+00 5.579692515303953826e+00 5.318413008956115323e-02 6.519752552862634332e-01 7.171291623250404257e-01 1.158355337773420146e+00 1.453643781491361864e+00 3.017459749521655965e-02 3.020008581937094760e-02 2.226369436993601639e-02 2.219694601790379168e-02
3.774000000000000000e+03 3.849000000000000000e+03 3.443768131385336062e+01 -1.163074559557056098e+01 4.725142113370589314e+00 5.706229755233410472e+00 9.094564012122050012e-02 7.675346977263188819e-01 7.769718621714680751e-01 1.220598852458857575e+00 1.525197113742009059e+00 2.226844985003051391e-02 2.298126319703186482e-02 2.670219900084255804e-02 2.532872312467694675e-02
3.849000000000000000e+03 3.905000000000000000e+03 4.559573469275040480e+01 -1.082176511677852382e+01 3.299252309191837096e+00 5.734494824560731452e+00 1.505042617546872852e-01 4.535628318661242275e-01 5.023696208473324987e-01 9.695445667163014036e-01 1.373146141635598116e+00 4.104837141391826094e-02 4.122137393997160615e-02 2.291519329966587581e-02 2.308568143557154784e-02
3.905000000000000000e+03 4.007000000000000000e+03 1.118533466489856032e+01 -1.301102969387064512e+01 5.995127899332968191e+00 5.801946023123999652e+00 7.747093239556490651e-02 2.889533634778100435e+00 3.117762905834048581e+00 3.110158572523473275e+00 2.729087618472454402e+00 8.159463558481672152e-02 5.399310218416530915e-02 6.058154227022864713e-02 3.666209880476475891e-02
4.007000000000000000e+03 4.035000000000000000e+03 5.819634340529260896e+01 -1.097015898124534594e+01 2.508491386542257118e+00 5.776942489984712381e+00 1.395866149027734718e-02 5.009177559264799129e-01 5.429333505690774331e-01 7.891726470716957653e-01 1.190270382134891669e+00 4.587866448764632565e-02 4.594676150018628391e-02 2.163100080048794074e-02 2.167224768535387994e-02
4.035000000000000000e+03 4.036000000000000000e+03 2.445253870020784746e+02 -1.126636520081021153e+01 3.676414920408659359e+00 5.651255128821472518e+00 2.933220351597429568e-02 2.654838974754909486e-01 2.872326138059371203e-01 8.308804845177859555e-01 1.250002272229720379e+00 2.106984878461659605e-02 2.140644537798674918e-02 1.134788214961657271e-02 1.151215075053262440e-02
4.036000000000000000e+03 4.038000000000000000e+03 1.098766245940238235e+02 -1.084242913202412240e+01 3.316823660505637150e+00 5.711858803121074857e+00 2.364144843859030537e-02 2.456387291753294733e-01 2.667146205792221281e-01 7.251718756452572023e-01 1.170442843945073363e+00 2.251307861969742419e-02 2.201631473730980559e-02 1.480916151225962138e-02 1.477291749793014503e-02
4.038000000000000000e+03 4.039000000000000000e+03 8.203054297816994733e+01 -1.107455520981532615e+01 3.909644412090663490e+00 5.725962972785668903e+00 4.358441217522278366e-02 2.529973827525786589e-01 2.692665251533803428e-01 7.957811064080186902e-01 1.237051854310616594e+00 1.665762493244127285e-02 1.641891038282228266e-02 1.338345965343667662e-02 1.333713956250887067e-02
4.039000000000000000e+03 4.060000000000000000e+03 8.068225176818422995e+01 -1.115456875998830455e+01 3.823091218380224365e+00 5.707816853071570051e+00 4.564343996211977367e-02 3.023600016200536089e-01 3.271057781063770875e-01 8.160981523060280018e-01 1.253215068750387129e+00 2.001557171588252970e-02 1.970376423234920793e-02 1.427853170762303364e-02 1.455424513819494198e-02
4.060000000000000000e+03 4.093000000000000000e+03 6.986015959005204934e+01 -1.082891749335779963e+01 3.744467315498949844e+00 5.697960171693615905e+00 -5.821627942660030641e-02 4.198651275148357342e-01 4.573259475664102069e-01 9.626313184748447327e-01 1.383809628931910396e+00 3.303765341433528846e-02 3.129669139013202539e-02 2.407482588814523206e-02 2.433216884554580128e-02
4.093000000000000000e+03 4.094000000000000000e+03 2.755842253994272255e+02 -1.078382678423874275e+01 3.560542746621166543e+00 5.727198042996512584e+00 -3.533368510526404410e-02 1.848970297280381203e-01 1.921822073652030838e-01 6.275845127738604035e-01 1.046062233530921759e+00 1.350223022273500106e-02 1.350735150318627120e-02 1.122680039272010849e-02 1.126390925951235161e-02
4.094000000000000000e+03 4.095000000000000000e+03 3.008902092992402117e+02 -1.019738405913179591e+01 2.301576590981807335e+00 5.697589108478493536e+00 -4.815742339773301794e-02 2.297662667742805809e-01 2.498058421465145784e-01 4.921311371372361076e-01 7.788808459085858615e-01 3.012793143178438271e-02 2.919065941323761848e-02 1.643996124452373753e-02 1.622365643518745154e-02
4.095000000000000000e+03 4.206000000000000000e+03 2.173390482245526698e+02 -1.071153576522279849e+01 3.645496371540310143e+00 5.732182430673191220e+00 -4.866208275065695560e-02 1.893303372571626397e-01 2.008512851991088866e-01 7.404002126184279220e-01 1.211812975941072956e+00 1.816566546494957635e-02 1.787388811508883180e-02 1.167165365416535788e-02 1.177663323987831329e-02
4.206000000000000000e+03 4.207000000000000000e+03 1.076175958659940761e+02 -1.085342573957901635e+01 3.401024252707082418e+00 5.703683922230420755e+00 -3.183065965506425010e-02 2.830450326077684764e-01 3.059190947031957819e-01 7.372370070527445307e-01 1.184830951964987555e+00 2.188509262407034583e-02 2.117870457884851731e-02 1.705157089273863502e-02 1.724283593238573956e-02
4.207000000000000000e+03 4.208000000000000000e+03 1.482532070971684846e+02 -1.093246705136061081e+01 3.777806669331782885e+00 5.719185995535407407e+00 -3.056627981730656793e-02 3.097872407499586700e-01 3.389105614953535905e-01 7.889958369007255001e-01 1.249919524949377525e+00 1.724309557148373528e-02 1.673737115279383403e-02 1.754013020470690867e-02 1.748616718828093289e-02
4.208000000000000000e+03 4.226000000000000000e+03 1.232283339805869957e+02 -1.059535120725609936e+01 3.286892919596932749e+00 5.728475801513651433e+00 -3.999804790164484397e-02 3.383628687662216805e-01 3.673966661121763622e-01 7.608892483918014982e-01 1.202257631519991321e+00 2.385289211221675032e-02 2.378938038228994856e-02 1.935716350440140621e-02 1.944141481952487219e-02
4.226000000000000000e+03 4.227000000000000000e+03 1.120843862865495737e+02 -1.159863885992987598e+01 4.658110017504641931e+00 5.651220393545290932e+00 -8.141002272272154783e-02 3.914471302182001011e-01 4.252125896443263997e-01 9.866209441437119310e-01 1.359723290521102079e+00 1.894740432979169498e-02 1.883823612085944177e-02 1.550857721293462388e-02 1.545948208109856892e-02
4.227000000000000000e+03 4.228000000000000000e+03 6.386942033912590944e+01 -1.134578680271753193e+01 3.923133491579117837e+00 5.781911616870965887e+00 -8.755904029255413834e-02 4.322827033816363240e-01 4.730175572410661999e-01 9.601292666333347547e-01 1.371009811067165352e+00 2.694169675807334130e-02 2.595254630532206619e-02 1.942822456938160525e-02 1.943414266348821029e-02
4.228000000000000000e+03 4.229000000000000000e+03 4.547214781610013290e+01 -1.096361636609962886e+01 3.472981108630894820e+00 5.731097041736805231e+00 -1.294181267184075779e-01 3.803040386759342084e-01 4.202964354399050251e-01 8.204562288027439365e-01 1.265480433615139066e+00 2.392189699803193292e-02 2.331817815053049969e-02 2.017368390862533944e-02 2.024261494172963083e-02
4.229000000000000000e+03 4.230000000000000000e+03 7.071366525723198038e+01 -1.261528875027416063e+01 5.104344983297550264e+00 5.702351891393536931e+00 -8.680788095038548258e-02 6.096721289787581100e-01 6.282556953949161027e-01 1.090307029052132393e+00 1.438873844660566448e+00 1.169745854585446665e-02 1.124952730947281765e-02 1.214819270678867136e-02 1.305680195482925021e-02
4.230000000000000000e+03 4.231000000000000000e+03 3.926746708114370676e+01 -1.131282207325661560e+01 3.501266504335144081e+00 5.700461779304805354e+00 -7.135838246874007251e-02 3.806227986943291342e-01 4.217811773602520020e-01 8.788003878631172050e-01 1.322832760219184944e+00 2.799998912343060198e-02 2.755210794132523233e-02 1.709399526937382952e-02 1.691895923595968659e-02
4.231000000000000000e+03 4.238000000000000000e+03 2.702102587665237365e+01 -1.098302850391756991e+01 2.501133118078151529e+00 5.740905838942034656e+00 -3.442281682352985039e-02 6.430060195227760289e-01 7.689375560834399437e-01 1.031424442409872633e+00 1.362014504724033959e+00 6.139821605471507127e-02 5.491717286480124471e-02 3.184724301370978061e-02 3.067387129758518752e-02
4.238000000000000000e+03 4.239000000000000000e+03 1.617839568596743760e+01 -1.048972561965025463e+01 1.342821997274352475e+00 5.816171002405364554e+00 -4.719999179433038983e-02 1.121096771987417640e+00 9.915100155637716739e+00 6.338965691124977653e+00 1.713833833835990417e+00 1.332129453656261120e-01 4.616169019563285403e-01 9.386908872299763729e-02 5.461844299257684332e-02
4.239000000000000000e+03 4.242000000000000000e+03 1.928796198222868341e+01 -1.415598908757530339e+01 5.790450201536973651e+00 5.803090928085685718e+00 -1.040571467056955884e-01 2.844560734050023854e+00 2.159318210140069638e+00 2.512174863517381951e+00 2.742435938299671250e+00 3.965764594776999274e-02 3.977431120136820653e-02 2.000817485390492256e-02 1.904573510106247203e-02
4.242000000000000000e+03 4.243000000000000000e+03 7.782672831238168953e+01 -1.092595350475355254e+01 3.192178348619146178e+00 5.645855662034504618e+00 -7.526809616240184853e-02 4.268429588267252939e-01 4.924513529116740784e-01 9.629548299537056266e-01 1.369161294468550061e+00 4.624491433668609375e-02 4.400718136333736652e-02 2.264349526716522010e-02 2.275712187482920035e-02
4.243000000000000000e+03 4.244000000000000000e+03 5.920161016728467018e+01 -1.044157322216760519e+01 2.749946934504080787e+00 5.743136375000580607e+00 -7.460211060871194122e-02 4.560768675828086316e-01 5.048837297856731965e-01 8.359258683779904331e-01 1.267935119487658469e+00 4.624155493186599131e-02 4.456084943022542433e-02 2.912573253407156615e-02 2.871011311611584849e-02
4.244000000000000000e+03 4.525000000000000000e+03 5.794407900237580833e+01 -1.089486966473981511e+01 3.480600203413021454e+00 5.737597424747611363e+00 3.878948318517017047e-02 4.450232233911659563e-01 5.176154887801818205e-01 1.001508037554831088e+00 1.391179381215342126e+00 4.011450141267491887e-02 3.774393268848719174e-02 2.460727584642407109e-02 2.447737393713188270e-02
4.525000000000000000e+03 4.786000000000000000e+03 1.619827119977468328e+02 -1.048251078094867239e+01 3.270668279409555623e+00 5.702977340605164258e+00 -9.323668708121332638e-02 2.932869557446693420e-01 3.236186691644018509e-01 7.912633936603761242e-01 1.247287145067458525e+00 2.879112787127624529e-02 2.761779687629317692e-02 2.093491004904371455e-02 2.063655875171027665e-02
4.786000000000000000e+03 4.787000000000000000e+03 8.454106813015414446e+01 -1.120284891919370018e+01 3.857831439250014149e+00 5.705446826265259119e+00 6.237830558719825724e-02 2.689852736620146345e-01 2.853120500500967438e-01 8.073956500532792901e-01 1.240021527947203772e+00 1.707274759903931738e-02 1.709108304738471418e-02 1.286772956038559346e-02 1.290417701552516727e-02
4.787000000000000000e+03 4.789000000000000000e+03 2.717080681727739488e+01 -1.035363102104257571e+01 3.359133230621075050e+00 5.728130836303057194e+00 -1.012068652157288029e-01 3.555209069254345877e-01 3.913504802289544671e-01 8.514816598008083659e-01 1.282069150855186024e+00 2.857648441721671873e-02 2.812560887050441494e-02 2.511217074089958090e-02 2.557628630844693829e-02
4.789000000000000000e+03 4.827000000000000000e+03 1.534100604175353411e+01 -1.357821887037074049e+01 2.863190034393428007e+00 6.922726773222608543e+00 -1.111105647873594504e-01 2.233744192392171257e+00 1.537081044223247872e+00 1.771826692765651856e+00 2.700589608363493710e+00 1.057999530111928266e-01 3.960191959806458328e-02 1.955922239780269467e-02 2.285111047946168650e-02
4.827000000000000000e+03 4.828000000000000000e+03 2.183529300970753297e+02 -1.084753882885250675e+01 2.434768918140351790e+00 5.739625215914937684e+00 2.933770061240847937e-02 2.380526954897312919e-01 2.547992248932846593e-01 4.921044768751821064e-01 7.663928566188142888e-01 2.645054423280157607e-02 2.567011330504076483e-02 1.343351522639188098e-02 1.329288684289625655e-02
4.828000000000000000e+03 4.829000000000000000e+03 2.614890236029408470e+02 -1.037709896587703895e+01 2.705695272929687256e+00 5.706371942190520130e+00 5.009288240965902722e-02 2.189373225545985235e-01 2.374117882681900937e-01 5.870067842763209143e-01 9.796848695246120897e-01 2.638734657121410976e-02 2.523179091330707280e-02 1.603747183487896216e-02 1.611783480369186755e-02
4.829000000000000000e+03 4.905000000000000000e+03 2.981996880858875443e+02 -1.107678532343551048e+01 2.676011531314304470e+00 5.746059531761146921e+00 7.415016576684753738e-03 2.288108706184779351e-01 2.449897944114116655e-01 5.378705265745837849e-01 8.553020623112446152e-01 2.341000882798383032e-02 2.315432018230278999e-02 1.204271498537568159e-02 1.205635919594228410e-02
4.905000000000000000e+03 4.906000000000000000e+03 7.496676235618078010e+01 -1.108864268026399458e+01 2.022548594875886785e+00 5.682539533806624910e+00 -4.345962694698407396e-03 6.773911292154846109e-01 9.857714858112487377e-01 1.190139497278289271e+00 1.446833203062758422e+00 1.467955060460415240e-01 1.121828585414004209e-01 2.343067724137745320e-02 2.792941745776808884e-02
4.906000000000000000e+03 4.908000000000000000e+03 1.130543866228446319e+02 -1.266439606371132420e+01 4.981466114959120617e+00 5.616977530967029786e+00 1.081287917311951341e-01 7.045573061076861876e-01 7.311039742820248932e-01 1.190169746524746053e+00 1.489868850541338219e+00 1.871489799902636975e-02 2.063420290895567888e-02 1.215812661880974477e-02 1.205751634083507273e-02
4.908000000000000000e+03 4.909000000000000000e+03 8.612209948307912555e+01 -1.165022212713700256e+01 4.877826961911994275e+00 5.742736972223516645e+00 5.135064651349877801e-02 4.883324657320304851e-01 5.390803603450393666e-01 1.054852536248761741e+00 1.392602480891588002e+00 1.790239654303782402e-02 1.746764155009028485e-02 1.898194730700718258e-02 1.898875389381034923e-02
4.909000000000000000e+03 4.921000000000000000e+03 3.712618289969859831e+01 -1.133668050081170975e+01 3.390449190910962862e+00 5.617962472804407525e+00 6.455995525500815568e-02 7.412618064572047416e-01 8.769435207561322443e-01 1.165880970507183534e+00 1.490417405561330177e+00 6.357379671030471968e-02 5.504258952615970202e-02 3.185365621841869388e-02 2.939452951801395375e-02
4.921000000000000000e+03 4.922000000000000000e+03 2.270708766883582257e+02 -1.107315135589326616e+01 3.905757219093788812e+00 5.768880612430978161e+00 8.756545080048372398e-02 2.492842242028689981e-01 2.667783529495260098e-01 8.411718346632230947e-01 1.269766234754586165e+00 1.970402551869820940e-02 1.920816044663897770e-02 1.418265985104218141e-02 1.422557896760991147e-02
4.922000000000000000e+03 4.923000000000000000e+03 1.206591415436068786e+02 -1.070105650572419442e+01 2.198999358003952409e+00 5.599593229300448449e+00 3.165131342192703534e-02 4.536348895890665034e-01 5.521580600917133097e-01 8.367373830502704557e-01 1.220911720627435137e+00 7.603473659721515787e-02 6.942918714914902978e-02 2.196647165162814858e-02 2.241324552757330280e-02
4.923000000000000000e+03 4.924000000000000000e+03 2.084211173869052232e+02 -1.141073148444368179e+01 3.143787059364292258e+00 5.785803124321823532e+00 6.134291196390889711e-02 2.787222699907676571e-01 2.914029681617638090e-01 6.140502728433938628e-01 1.019963355318876719e+00 1.874642618675359529e-02 1.861619443805917484e-02 1.203633386737005401e-02 1.213171660526761453e-02
